2.2747012329101564
2.073015556335449
1.9889285087585449
1.9552636551856994
1.9409569478034974
1.9150409317016601
1.903130633831024
1.8905371046066284
1.8806463718414306
1.862374792098999
1.8542005372047425
1.8390043258666993
1.8339416289329529
1.8132400226593017
1.8000023007392882
1.7931200289726257
1.7811197972297668
1.7761318063735962
1.768336775302887
1.7493985843658448
1.7449553942680358
1.7332549977302552
1.731187047958374
1.7197641777992247
1.7188622426986695
1.7085650324821473
1.6992427897453308
1.6978022360801697
1.6853859305381775
1.6823624205589294
1.680997965335846
1.6731733107566833
1.6641808128356934
1.6669121170043946
1.662205035686493
1.6592364978790284
1.6556842780113221
1.6496750783920289
1.6368620228767394
1.6375693964958191
1.635033242702484
1.6335121965408326
1.6372543787956237
1.6273504400253296
1.6213056778907775
1.629366431236267
1.6164304995536805
1.620300509929657
1.6134271955490112
1.6042045092582702
1.6011175799369812
1.6042696475982665
1.5893442058563232
1.5991295194625854
1.5955103540420532
1.6028647923469543
1.6018046808242798
1.587107343673706
1.5862576365470886
1.584110381603241
1.5860440015792847
1.5750227999687194
1.5645204734802247
1.5850570917129516
1.5715429639816285
1.5666830801963807
1.5753898096084595
1.5700534868240357
1.558311836719513
1.5590628480911255
1.5597697162628175
1.551060857772827
1.5629550337791442
1.545404109954834
1.5498039674758912
1.5491869497299193
1.5452082633972168
1.5452459025382996
1.5369577455520629
1.5411074352264404
1.5369981479644776
1.5289505457878112
1.5341256260871887
1.5336465954780578
1.5237780547142028
1.5341930532455443
1.524399151802063
1.5259306740760803
1.5295866680145265
1.5207111549377441
1.5283473992347718
1.5306510376930236
1.5251582551002503
1.5306598377227782
1.5116786360740662
1.517867534160614
1.50780606508255
1.5063311076164245
1.5097801494598388
1.5093516159057616
