1.9409782596826552
1.4467748665809632
1.373542322397232
1.325608845949173
1.2919172236919403
1.2547023056149482
1.2230977378487586
1.1985507470965386
1.1681875054836273
1.1482698313593864
1.1221403416395188
1.1039253131747246
1.0769986739754678
1.0621359769105911
1.0479062264561654
1.014052502989769
1.002286305129528
0.9820937334895133
0.9649110880196095
0.954811649441719
0.9398251099586487
0.9171830534338951
0.9075599067211151
0.8903434674441815
0.8758460388183594
0.8620241001546383
0.8516995059251785
0.8317797451615333
0.8172870402038097
0.8039823745489121
0.7969400656372309
0.778319444000721
0.7650668343007565
0.7560176304280758
0.7375552380084991
0.7286078622639179
0.7117362420260906
0.7040602627694607
0.6905862270891666
0.6775746083557606
0.6673512652516365
0.6550119050443173
0.6411313590556383
0.6316835052669049
0.6248839599043131
0.6021580382436514
0.5953461985737085
0.5789249677062035
0.569555195748806
0.5618667261898518
0.5412604201436043
0.5309676258116961
0.5201127863526345
0.5050945195257663
0.49798065589368345
0.4833563984930515
0.4722492152452469
0.4610838498771191
0.4438386778235435
0.4341819881275296
0.42232762317359446
0.40789644786715507
0.3949134885966778
0.38474438731372357
0.3718173126652837
0.3654049188867211
0.3556409755423665
0.33464518973231316
0.3219185608997941
0.3227733004167676
0.2950412841364741
0.29685833760350944
0.27563563465699553
0.271348193641752
0.25801839388534425
0.24159784319624306
0.23614561718329788
0.2230881643742323
0.21860369195789098
0.20107350381463765
0.18828377613052727
0.1880819025207311
0.163664437353611
0.16633565350994467
0.15270662071183325
0.15270831204764546
0.14367542775534092
0.1308846176546067
0.11420972439087927
0.10096096382662655
0.09693337372783571
0.08178216308820993
0.09406238187663257
0.06895419241860509
0.057116460115648804
0.051856019883882255
0.042245597968809306
0.041682816553395244
0.08805651205917821
0.028148362210020424
