5.376229448318481
2.3017707443237305
2.328464317321777
2.080813720226288
1.8650419402122498
1.654260640144348
1.487462341785431
1.360842776298523
1.2309234142303467
1.117828813791275
0.9849726021289825
0.8907717561721802
0.767622412443161
0.6410822153091431
0.5361603462696075
0.42497454822063446
0.3496427378058434
0.3005797117948532
0.1679033076763153
0.11564606323838234
0.14442323289811612
0.017872931621968745
0.04251073002815246
0.012954222671687603
0.028745081322267652
0.0031542680528946223
0.02436652868054807
0.007323342147283256
0.0011924678384093567
0.4986305229738355
0.003476511547341943
0.0015215122629888356
0.05104810193181038
0.0026803052704781295
0.0005783198092831299
0.00018154561112169177
0.00011369547668437008
4.186448531982023e-05
2.2741511438653107e-05
1.3729395395785105e-05
7.8114228836057e-06
4.430028989190759e-06
2.4234995680672e-06
1.4552051277405553e-06
8.354026374490786e-07
4.742503500665407e-07
2.7469748033581707e-07
1.5620118617221124e-07
9.428701361002823e-08
5.6531250294256095e-08
3.3695241299369626e-08
2.1783631414251657e-08
1.3737006447911426e-08
8.558853643592101e-09
6.393528901860179e-09
4.982575323442262e-09
4.2514871978482916e-09
3.939494139792998e-09
3.6088746546703023e-09
3.385357270069278e-09
3.0361113134702576e-09
2.677552182195342e-09
2.444721564076602e-09
2.1234152908222725e-09
0.04857129320502281
0.0010864758922252804
0.0003333213221048936
0.00017124876656453126
9.331816821941175e-05
5.2059381123399364e-05
2.983752350701252e-05
1.67171174325631e-05
9.853744040810853e-06
5.576143798862177e-06
3.2174672651308355e-06
1.8545506532063883e-06
1.1367989361588115e-06
6.493090364756426e-07
3.7477204926972264e-07
2.2421070127620624e-07
1.2437796513609102e-07
7.775140829835436e-08
4.590487176159286e-08
2.8628849619849462e-08
1.798383637563461e-08
1.1306254883436395e-08
6.994231838142184e-09
4.5169140827638894e-09
3.2410022932083395e-09
2.7008352526669553e-09
2.263113669798145e-09
1.8579883820368792e-09
1.7601995272453762e-09
1.5413387266516309e-09
1.4621763208544358e-09
1.2898816673101444e-09
1.0151415252845908e-09
8.102505782980885e-10
5.075707668056317e-10
3.2130626492765655e-10
