39.648
48.34
50.43
52.104
54.168
55.178
55.706
56.344
57.866
59.59
59.674
61.264
61.742
62.902
63.03
65.046
64.666
65.598
66.462
66.71
67.136
68.044
68.504
69.286
70.156
70.532
70.812
71.678
71.638
72.006
71.166
73.532
72.478
73.936
76.126
74.324
75.498
74.222
76.438
77.062
76.484
77.99
78.776
79.358
80.514
77.814
81.268
80.398
81.386
79.628
80.2
82.438
80.166
84.792
84.674
81.038
80.786
84.258
86.12
84.41
85.884
87.402
85.862
88.594
89.648
89.55
89.388
91.548
90.204
93.0
90.572
92.864
93.036
85.046
92.628
93.67
94.914
93.706
92.606
95.356
96.504
96.654
95.212
90.37
94.72
93.554
92.9
97.054
95.366
95.72
98.986
97.984
99.148
97.168
96.048
93.01
99.528
99.662
99.722
97.052
