10.004
.706
39.48
58.042
71.038
76.97
86.118
91.018
95.722
96.012
97.912
97.896
98.778
98.572
99.172
98.81
97.69
99.296
99.162
99.15
99.108
99.426
99.526
99.55
99.592
99.438
99.614
99.514
99.688
99.168
99.46
99.468
99.564
99.72
99.708
99.598
99.136
99.742
99.868
99.782
99.8
99.834
99.808
99.792
99.424
99.76
99.752
99.788
99.77
99.682
99.658
99.732
99.546
99.82
99.782
99.812
98.344
99.698
99.832
98.976
99.832
99.88
99.682
99.734
99.89
99.746
99.5
99.82
99.858
99.61
99.748
99.726
99.884
99.878
99.8
99.804
99.556
99.82
99.768
99.516
99.836
99.824
99.054
99.836
99.408
99.82
99.682
99.932
99.592
99.756
99.93
99.73
99.864
99.886
99.896
99.894
99.71
99.742
99.598
99.892
