20.52
28.454
29.466
30.632
31.302
31.834
32.262
32.872
33.482
33.464
33.84
34.258
34.876
35.362
35.338
36.094
36.424
36.49
37.22
37.336
37.716
38.032
38.466
38.798
39.12
39.146
39.45
39.498
39.546
40.016
39.91
39.918
40.344
40.504
40.902
41.214
40.982
40.936
41.328
41.596
41.842
41.482
42.13
41.808
40.656
42.686
42.142
42.47
42.594
42.58
42.496
41.236
42.886
42.938
43.542
43.51
43.568
43.796
42.75
43.726
43.836
43.942
43.86
43.702
43.848
42.966
43.528
44.208
44.296
44.684
44.772
43.944
44.518
45.086
44.404
42.896
44.766
45.112
45.184
45.048
44.27
45.448
45.198
45.62
45.814
45.716
44.97
45.45
45.948
45.386
45.938
45.064
46.248
45.748
46.324
46.134
46.44
45.508
45.15
45.438
