4.4625299406051635
2.3469396686553954
2.313097243309021
2.300542001724243
2.510961389541626
2.344508590698242
2.2641267204284667
2.3158177876472474
2.2783570671081543
2.203313698768616
2.2202187728881837
2.1108064389228822
2.05248676776886
2.064257416725159
1.979625289440155
1.9499135208129883
1.8948000955581665
1.9014080619812013
1.8174860072135925
1.8061026525497437
1.8287395644187927
1.7849778509140015
1.7528442931175232
1.6987396240234376
1.6568931484222411
1.7461060690879822
1.7072712755203248
1.676300947666168
1.6277968430519103
1.5918498253822326
1.6050657081604003
1.5377406883239746
1.5314615869522095
1.4989555859565735
1.5468504309654236
1.4675361824035644
1.493800892829895
1.4885602021217346
1.4502221500873567
1.4501831364631652
1.4273297190666199
1.3481532633304596
1.40462783575058
1.4108564102649688
1.3242886328697205
1.3157307028770446
1.3709967803955079
1.3323888313770293
1.337838395833969
1.300071347951889
1.2655532717704774
1.315400893688202
1.2795896649360656
1.288929957151413
1.265736129283905
1.2557164335250854
1.2486733722686767
1.2117472350597382
1.186444219350815
1.1833834064006805
1.222168436050415
1.1774829316139221
1.035177654027939
1.0613696146011353
1.0245360922813416
0.9802935576438904
1.0317433822154998
0.9669395959377289
0.9466447401046753
0.9879473888874054
0.9624163603782654
0.9818736696243286
0.9709744584560395
0.979916181564331
0.9627592861652374
0.9408049988746643
0.979309709072113
0.9734780704975128
0.9466694962978363
0.9868561148643493
0.9140026915073395
0.9047296917438508
0.9629050981998444
0.9071415257453919
0.9102778893709182
0.897499076128006
0.9484766829013824
0.9214327991008758
0.902127275466919
0.8740895915031434
0.914707641005516
0.8743135058879852
0.8910134041309357
0.6845854771137238
0.6977382990717887
0.6981729900836945
0.7353365558385849
0.694138149023056
0.6948830646276474
0.7105762302875519
0.6808449417352677
0.690994148850441
0.7102529507875442
0.6775930738449096
0.6994113838672638
0.7058390349149704
0.67431447327137
0.7427477240562439
0.7110049903392792
0.6850547188520432
0.6874739295244217
0.7393610018491745
0.7334475660324097
0.6721342986822129
0.7369569325447083
0.6858299922943115
0.6733618688583374
0.6686672431230545
0.6767000448703766
0.7279098027944565
0.6813434195518494
0.6532730758190155
0.7337696915864944
0.7200603258609771
0.47283641397953036
0.4946311774849892
0.46692118227481844
0.4780847975611687
0.49338954508304594
0.4988450947403908
0.5152941271662712
0.49277959525585174
0.47271720379590987
0.5054680490493775
0.5533830404281617
0.502435015141964
0.4626149779558182
0.5148691359162331
0.48790371626615525
0.4920517963171005
0.5172147727012635
0.47962077021598815
0.48719973146915435
0.49629155099391936
0.5196937870979309
0.5303750282526016
0.48203196495771405
0.5069199681282044
0.47147882372140887
0.5211945182085037
0.5397377327084542
0.50852241396904
0.5086103600263595
0.49530577957630156
0.49754575461149214
0.26882966727018354
0.34991549476981165
0.3155721341073513
0.3031517940759659
0.3172066183388233
0.3081698198616505
0.30544379860162735
0.31285218641161916
0.32443496972322466
0.30023592367768287
0.30707702912390233
0.3413988694548607
0.337108393907547
0.3558210329711437
0.3325805526226759
0.3092920604348183
0.3063960126042366
0.326486489996314
0.32362079456448556
0.33546488791704177
0.3343033865094185
0.34461560130119323
0.30758115723729135
0.3247772391140461
0.32148344948887825
0.3602374088764191
0.37465775266289714
0.34823516428470613
0.32396904572844504
0.3468945378065109
0.34088886469602586
0.1795490173250437
0.143114223331213
0.17819533485919237
0.19425211749970914
0.15362322725355626
0.20190965425223112
0.16091958306729792
0.1709741108864546
0.19960949152708055
0.1938330964744091
0.21088810950517656
0.16954764291644098
0.17859638307243586
0.20414607524871825
0.22950196359306574
0.20131320312619208
0.18744200050830842
0.19364712294191122
0.18266655888408423
0.24599342111498118
0.20713334918022155
0.1947300761938095
0.2286208289861679
0.211351627856493
0.2005486027151346
0.230305068269372
0.23475457958877086
0.20161427512764932
0.2436008022725582
0.2006826425716281
0.22125526882708071
0.09987715676426888
0.10061138160526753
0.10150616025552153
0.09492742354050279
0.1355819290317595
0.11346221704035997
0.1023044698126614
0.13181250389665367
0.10370382074266672
0.12587653925642373
0.11442204888910056
0.14257454220205545
0.10834069840610028
0.1270308237336576
0.14446875918656588
0.11343825531192124
0.12908701097592712
0.14718616196885706
0.16480916384607552
0.11370857787318528
0.11693700367584825
0.1393744517862797
0.13763244030997157
0.13779586963355542
0.14462656006217003
0.1613308573514223
0.16321970004588365
0.13930760223418473
0.1437167751416564
0.16368941258639097
0.11146963948383927
0.05521815700922161
0.05579987881006673
0.06534378627780825
0.09281598530709743
0.07951651980169118
0.09083601832389832
0.09360888489987701
0.06306767697446049
0.0783449012041092
0.08211840773932635
0.1016669574007392
0.10181460862979293
0.0828211770625785
0.0881939537730068
0.08936809072270989
0.08060715622268617
0.09187036480754614
0.10038555230014026
0.11382130089215935
0.10193900064565241
0.08966622494161129
0.09476547481492162
0.09875511024147272
0.08940015095286072
0.09764634625054897
0.10673534046858549
0.13506982702761888
0.07954132628627121
0.09625650623813271
0.07108761932235211
0.1293548009218648
0.03557477124966681
0.07734058168716729
0.06572205834556372
0.0704318369878456
0.07131080771330744
0.06639804804231972
0.05332781208213419
0.055896349186077714
0.06084383781650104
0.07216382691491162
0.09050082520581781
0.0953491839254275
0.0732258232217282
0.0617006971524097
0.04463796641677618
0.0736038996372372
0.07646763398195616
0.09042032695841044
0.07967611516360193
0.09326028966810554
0.05455257351975888
0.06186402989784256
0.07448307733866386
0.08852447191253304
0.08329957676120102
0.07801367218606174
0.09074553102022037
0.06355328756850213
0.058512136582285164
0.07994002115447074
0.0841135391034186
0.028860654081217945
0.04927750833099708
0.06479474998544901
0.06243149070767686
0.04129978838609531
0.04245333488564938
0.07964921207632869
0.05002916072960943
0.05753016790375114
0.04794322334520985
0.04324449576204643
0.06627725429832935
0.03945003657441703
0.06510052210185677
0.06023412069305777
0.06141004190547392
0.057343350610462945
0.056615714400541035
0.08703619202598929
0.053621686284895984
0.0617146508814767
0.050741759694647046
0.06720749492698815
0.07933777049183846
0.061714545739814636
0.05353712452400941
0.05042619140469469
0.057202801284147425
0.05353433152369689
0.08074184705503284
0.09028797195933294
0.03780379289179109
0.04158706197864376
0.0341328177601099
0.07216798272216693
0.036028461640235036
0.05194587478996254
0.02708139850292355
0.07286791733466089
0.04295933247543871
0.06229818733641878
0.05304729394905735
0.03798019697656855
0.039672181066125634
0.06392229573335499
0.052841699747368694
0.05205697270226665
0.059676272562355734
0.050313001107424496
0.029051144600380212
0.04884891087771393
0.051400853810482657
0.04194708329363493
0.06508550408063457
0.046094889047089964
0.07081929428619332
0.06146777413785458
0.06959191901085432
0.0380756759736687
0.06339221038389951
0.06347100123239216
0.05337818255764432
0.013649865932529792
0.02264201977828634
0.022385363059001975
0.024255430207122116
0.058359534401097334
0.047048863208619875
0.033140952933463266
0.08208687988691964
0.046680280259461145
0.020170952227781525
0.025717596985195997
0.050019382378086445
0.03732962181908078
0.046914988607168195
0.039739374429627786
0.0644969474037498
0.040745468985987826
0.021337023228406905
0.0507427110732533
0.053082905110204595
0.028018810340436174
0.05988166592316702
0.06385902023757808
0.038993392968550325
0.05551383463200182
0.04607363539165817
0.0634220117641962
0.052433069344842806
0.035270157183986156
0.05632018959760899
0.05650150080618914
0.01705302082555136
0.025593250300516956
0.04488274240284227
0.043092036290909165
0.031199308458017185
0.033821573948080184
0.03465706249524374
0.02657958328141831
0.03415192892716732
0.028842679747613148
0.0314488262910163
0.06104583970707608
0.03586013316002209
0.03044482948957011
0.037707018060027624
0.028862272470578317
0.0285044368923991
0.038909726519996184
0.06433603499201127
0.06651726427779067
0.03209242423763499
0.0341147039012867
0.028434003323782236
0.044915924099041146
0.03280792355071753
0.04920296811906155
0.03540993407252244
0.04726616596395616
0.03765820521395653
0.05515290408744477
0.02899399144553172
0.015218858640291728
0.027531189588989945
0.019983940953752607
0.049886733690509576
0.018599117025732994
0.0308606983730715
0.020564989278500433
0.09574109301553108
0.049015735345310535
0.043069649440294594
0.03082178358337842
0.022083101696625817
0.03476688143113279
0.0488794031040743
0.02738783145672642
0.04017588091199286
0.0380407419790572
0.046075959721347315
0.04392124718986452
0.014021660882863217
0.04652125055523357
0.04155812330747722
0.03807559655237128
0.023156695680809206
0.06163950262183789
0.03177473914576694
0.04931112770209438
0.043265764831303385
0.05471296628151322
0.030275832726038062
0.05700072358711623
0.026667488105595112
0.01182224868076446
0.02176577486538008
0.02797761018293386
0.04557135330949677
0.015012383649300319
0.025980721626983724
0.011926393748944974
0.019967672928469255
0.04025600676832255
0.04962815220933407
0.03113168452939135
0.037172841304563914
0.03733351260947529
0.03508392235315114
0.031115052946843205
0.03609242147853365
0.0317828303060378
0.02785161274834536
0.03360846402720199
0.041878981498302895
0.025912564157042652
0.020261602217105976
0.07420099856564775
0.03949308383249445
0.02991857255838113
0.033140855216188356
0.03886432657775003
0.025809458801013534
0.03265847603088332
0.02135846983459487
0.02866133476200048
0.017034785191935953
0.03283776238269638
0.024854184823634568
0.016213411730423104
0.024485145360958995
0.032931184312037655
0.01986998653541377
0.024525868831406113
0.018482322355441737
0.02864648248276353
0.016049765374755224
0.07328726313960943
0.030109810771245974
0.025730025645170827
0.027367898117518052
0.029503315276670036
0.031523814629763364
0.03038150465756189
0.04559777987451526
0.02967117390828207
0.04476814424302575
0.05561336610517174
0.03625825966504635
0.03854971947381273
0.037488107336102985
0.035353490821762534
0.055884922792611175
0.035646407521271614
0.016017152738349978
0.04070054329291452
0.008240500937163234
0.008040946164474008
0.01740903997865644
0.012549803709571278
0.0322093115008829
0.022193594557029427
0.026214965279505124
0.02082930571395991
0.07683314463843999
0.02249371141413576
0.016315062609428423
0.021677214986557374
0.008602220278153255
0.021101760585661395
0.05863676975000999
0.037796826189296556
0.01773145456216298
0.04287827556428965
0.02568743915646337
0.01691952870649402
0.038814193097496175
0.031322507519216745
0.01661845574621111
0.03310395268315915
0.028607671158424636
0.014003223148174584
0.045582799169351346
0.026356289155628473
0.024713752561110594
0.021813606416617403
0.022807761741350987
0.014971739691136464
0.01021140686400031
0.0042561921037668074
0.02291507475707476
0.022875035053366445
0.04718177402617584
0.04091071235219715
0.019920124703712645
0.028905697029858856
0.01863566433676169
0.026742010893322003
0.008795858786052123
0.06885711983828514
0.019865960534662008
0.032152928830728345
0.03293795386751299
0.01722194905640208
0.03171716014199774
0.03104820020882471
0.021927495124255073
0.020949396116557183
0.02343834681538283
0.024645994805905503
0.03610355928831268
0.2243596102465017
0.04215054563479498
0.031144254049286245
0.019453013679394643
0.0271385747534805
0.021945890736096773
0.01847946003832476
0.013287567373681667
0.006181302828335902
0.020741203200595918
0.021570204095041845
0.018227608212873746
0.02309291993631632
0.011285207529081163
0.016051328257381103
0.034621276377329195
0.028699500225193332
0.03055941595346667
0.02415650745599123
0.020355927662130853
0.04034772269131281
0.027529855905158912
0.021984995479579085
0.013534116263399483
0.04135704602347687
0.028372076910163743
0.022975532478376408
0.017695265137008392
0.02477222259492919
0.029773378514219077
0.015859461099098554
0.12569211530455504
0.04470361253392184
0.015425338714412646
0.023596874068680336
0.03166295079201518
0.028253113480823232
0.013841060754202772
0.009537578345971269
0.019382447097846124
0.022376902925680044
0.005666967976794695
0.013387214985177706
0.007990400099461113
0.02767515477904908
0.03513539723680879
0.011105345235519053
0.014744890153183405
0.030447552248369904
0.023809366184359533
0.03446881422266415
0.03126779028130841
0.009076071875624621
0.020529837338981453
0.014136157646498759
0.0038038727496859793
0.024525782352793613
0.021568641680642032
0.04440047643322032
0.026300793909467757
0.018629603405379384
0.0373538789714803
0.04579588233042159
0.022552336700427986
0.009233656727938069
0.04177281385698734
0.01545345560691203
0.014708762127993396
0.03288539369354112
0.016104292352501944
0.03503095627391303
0.014878558135969798
0.025663041205007175
0.014180326583373244
0.013732903052296025
0.031228750850032155
0.015324257283918997
0.08013795120627037
0.023823269109270767
0.014448461449610477
0.012929009582221625
0.008947765185803291
0.005273876486462541
0.03585975428799429
0.020117158303692123
0.023139236684564822
0.008949859615095193
0.02308571179979481
0.009666214516964828
0.045471515627286865
0.01033438379279687
0.013849537916116787
0.02321401534236429
0.03793070938816527
0.01956729018565966
0.015457071511918911
0.042364987741748336
0.02280067787560256
0.02152759778402469
0.019010216525493888
0.0052058366747178295
0.004908913925291926
0.015932628146002797
0.029148891126369564
0.04081725955744332
0.02411062418919755
0.029097319726788556
0.01963823336081987
0.01212954574712967
0.037045908608051833
0.040026570739119055
0.008087070046458393
0.014390714906548965
0.017174200133704288
0.026059629326773574
0.019040250008547446
0.01542428573800862
0.02316194255163282
0.006028548129893352
0.014655170849196111
0.022694880315266345
0.020919537360096
0.029707386379232047
0.03121364068695584
0.032326649073293086
0.015027858021567227
0.022125635200791294
0.018138940025546616
0.034097826739307495
0.026938426649721806
0.009906267777259926
0.012857208741625072
0.012770179264043691
0.028247694011661224
0.015583035410381854
0.025383218401402702
0.016592499389844306
0.011567179928697442
0.02632201011161669
0.023394886542118912
0.038712781205213105
0.011500428835570347
0.004312260749488814
0.010019827634023386
0.03307239797530201
0.011061612652556506
0.011647126838026907
0.023334948290867033
0.013457715105305397
0.01200099638534084
0.021578117292447133
0.008498633509861974
0.00561728929005028
0.03784553065721411
0.025160852065291693
0.03065243005343291
0.013844755707141302
0.04310927742204512
0.016073839387099723
0.020283577044883715
0.031640787585711226
0.014213202047976665
0.014007610678181664
0.014124954611579596
0.003645806058866583
0.014182645590241237
0.024463112840821852
0.00344728760245971
0.032687054501875534
0.013623912263228703
0.041837125499005194
0.015043046286664322
0.018721683779558587
0.029042312681704062
0.013379571765872242
0.015196333320964185
0.02263749626727076
0.011818700468793394
0.012075641967485354
0.014774735171013163
0.00985625689403605
0.10355976079781612
0.02713449704751838
0.012660781046215562
0.010499400001883714
0.013489239464342972
0.026016463890482556
0.018330285240954255
0.009653106585560636
0.02584420587585555
0.032867223106932214
0.02157672978773917
0.02276383124462882
0.017691433064073864
0.012324131246105026
0.014380721183524656
