13.598
10.024
10.0
28.456
33.136
42.138
46.444
48.948
54.352
63.79
62.882
72.254
74.006
79.622
86.148
88.218
92.062
94.096
97.95
98.824
98.286
94.61
99.592
99.858
99.87
99.952
99.88
99.974
99.996
99.552
99.982
99.996
99.714
99.994
100.0
100.0
100.0
100.0
100.0
100.0
100.0
100.0
100.0
100.0
100.0
100.0
100.0
100.0
100.0
100.0
100.0
100.0
100.0
100.0
100.0
100.0
100.0
100.0
100.0
100.0
100.0
100.0
100.0
100.0
99.808
100.0
100.0
100.0
100.0
100.0
100.0
100.0
100.0
100.0
100.0
100.0
100.0
100.0
100.0
100.0
100.0
100.0
100.0
100.0
100.0
100.0
100.0
100.0
100.0
100.0
100.0
100.0
100.0
100.0
100.0
100.0
100.0
100.0
100.0
100.0
