22.964
44.858
64.96
71.926
76.732
85.836
90.56
94.216
96.168
96.362
98.192
98.426
98.828
98.998
98.428
98.642
99.216
99.4
99.316
99.596
99.474
99.456
99.546
99.722
99.33
99.566
99.644
99.512
99.794
99.692
99.834
99.714
99.784
99.816
99.848
99.772
99.832
99.822
99.87
99.718
99.81
99.804
99.846
99.888
99.84
99.81
99.808
99.876
99.89
99.852
99.9
99.89
99.83
99.912
99.842
99.912
99.894
99.868
99.88
99.874
99.872
99.932
99.856
99.922
99.924
99.958
99.932
99.936
99.878
99.922
99.922
99.956
99.948
99.932
99.91
99.86
99.918
99.952
99.862
99.944
99.95
99.948
99.844
99.964
99.932
99.952
99.984
99.91
99.94
99.966
99.954
99.944
99.932
99.94
99.962
99.952
99.942
99.98
99.974
99.982
