3.062823119163513
1.5666095650196075
1.1766363883018494
0.927137262225151
0.7285997438430786
0.5494215911626816
0.38434406206011773
0.26518174558877944
0.17913140162825583
0.13483278840780258
0.09476360384374857
0.07726345380768179
0.06186192443594336
0.057592298071831464
0.048975165151059624
0.03909076972631738
0.03780115204397589
0.03493270450271666
0.03724791628541425
0.030629803044721484
0.029037199593149127
0.025874298030976205
0.02327129863318987
0.023696079593501052
0.024952120247762652
0.02450003341480624
0.02129383208579384
0.01631200403615367
0.021769744807388632
0.01767166807752801
0.01880609070736682
0.017527681824576577
0.016449121012119577
0.015615944020973984
0.016560220130631933
0.016646354477416025
0.01624304590499378
0.015015123343910091
0.015623161629773676
0.010513282183164847
0.013626548705069581
0.015131517022382468
0.017448975593579233
0.014117955927722504
0.0137730599140923
0.014558688450379123
0.012931514610208979
0.013251069042835297
0.017402952031989116
0.014688613270373026
0.0149911204095406
0.013116588735865662
0.020905470202415018
0.015198985697916214
0.018101159417565214
0.015227303790779842
0.018314445694413733
0.012559533567036851
0.01881532397103001
0.013058227671572241
0.01676343484017707
0.016458767647636704
0.015260571967155556
0.01769359128746146
0.017861095332918922
0.015423584374802886
0.017378679452394862
0.025539024863392115
0.014736869359685443
0.014368212075896735
0.016310930744803043
0.021745309042089503
0.01480061934053083
0.015038541542635358
0.016703064454013657
0.027157905590720476
0.019251175529279862
0.016895619260321838
0.02213983259178349
0.01708170531281212
0.018569365962903248
0.018973356889546267
0.01876760107203154
0.016426643471495483
0.020110156359223766
0.013848052561515943
0.016519993899783002
0.021061105247281376
0.023151478486797713
0.019006796140965888
0.019253596746748373
0.01829230377528802
0.01764838457278529
0.013794792090790224
0.019358658295604982
0.019778529315663037
0.019675365054135908
0.021577204512759636
0.014693171113182189
0.02131221256313438
