22.822
40.21
48.03
53.606
54.348
65.304
69.542
68.262
74.914
77.234
81.386
88.87
91.234
95.586
96.386
98.014
98.266
98.602
99.066
99.686
99.464
99.148
99.556
99.814
99.9
92.214
99.752
99.932
99.84
99.908
99.746
99.258
99.832
98.538
98.168
99.414
99.786
99.796
99.61
99.666
99.716
99.846
99.616
99.654
99.722
99.936
99.212
99.718
99.722
99.41
99.778
99.826
99.884
99.68
99.66
99.906
99.83
99.862
99.922
99.908
99.822
99.806
99.936
99.9
99.818
99.792
99.88
99.93
99.864
99.53
99.812
99.93
99.968
99.988
99.902
99.902
99.856
99.488
99.704
99.938
99.956
99.836
99.924
99.908
99.922
99.98
99.834
99.908
99.956
99.934
99.892
99.954
99.928
99.916
99.95
99.902
99.94
99.962
99.946
99.93
