3.411490125656128
2.0007695174217224
1.487324616909027
1.2295474481582642
1.047903686761856
0.8748672211170196
0.7274259221553803
0.5844007158279418
0.4530017614364624
0.3342951101064682
0.23580089777708055
0.1594163428246975
0.11609917767345905
0.08345065355300903
0.07765978507697582
0.05486357729882002
0.04029049503616989
0.03857125842012465
0.03477097934111953
0.03240889484062791
0.023869431815110146
0.020722832856699826
0.018110920786857606
0.023407480074092747
0.017200877235736697
0.017700303844176233
0.01693131199106574
0.01269698167569004
0.011291926768608391
0.010653774455422536
0.015165491926018149
0.011682307135779411
0.008886945939157159
0.012946312930434942
0.009563755008857698
0.00842983429087326
0.009172806843416766
0.009056344054988586
0.009179477316793054
0.004837999868323095
0.006307775171590038
0.006231606617802754
0.009105652626603842
0.006080283093615435
0.007355578328715637
0.006943161875242367
0.006769635780947283
0.004900757293216884
0.006703567434742581
0.0057222817171714265
0.005136837113823276
0.005550492381298682
0.005837213745398913
0.004741035933839157
0.007798937686893623
0.004288778831250966
0.00333626745865331
0.004500354157062248
0.004199974862567615
0.004142522106703837
0.004294121385901235
0.005777629058648017
0.0037907064061437267
0.0045800832815439205
0.003663419890071964
0.003989574454826652
0.004698480280712829
0.003778018368066114
0.002079956860470702
0.005171528424216376
0.0020410232782160165
0.0033715489631867966
0.0038930356362834573
0.0026971877443793344
0.002922747433549375
0.0022753393094899366
0.002428429868450621
0.0037393678016087507
0.0030533678901520033
0.0012630642879230436
0.0030105113703029927
0.0035755688828794517
0.003281458825185837
0.003786607613619708
0.001768248583211971
0.0019693595086027926
0.0016263546690515795
0.0042951568033458894
0.002589750424049271
0.001610476004807424
0.0022324160326752463
0.0011205894082740996
0.002668842596867762
0.002765660129844036
0.0025605312633342693
0.0013443773718245212
0.0025367840918988803
0.0017447254659055033
0.0012937862916078302
0.001885405689754407
