2.872651610374451
1.741528618335724
1.374783445596695
1.1488019508123397
0.9475338226556778
0.7703997713327407
0.6099992814660072
0.46765159457921984
0.3214863896369934
0.21548899166285992
0.13948615990579127
0.09614046085625887
0.08299856441095471
0.055255730664357544
0.041909853853285314
0.0494041653489694
0.04286698279902339
0.031136741554364564
0.030370518658310176
0.02191785304574296
0.03120281493291259
0.02141783625469543
0.02103315080748871
0.022705446367617697
0.02521486279089004
0.023668092854786663
0.012306748310802505
0.01927359478548169
0.015042074650991707
0.015148383121704682
0.012041916078596842
0.008770869775034953
0.014326778657850809
0.011526262373081408
0.01709433001407888
0.010135862930910662
0.011563998633355367
0.007752628745802213
0.009189475485181902
0.007284095547802281
0.006840125763555988
0.01101714448814164
0.007849359252722933
0.010094680718466406
0.0058899493132776115
0.012911337160039693
0.01076879017666215
0.006112468966894085
0.004458717568777502
0.005947297907841858
0.010027499595744303
0.007185932775610126
0.004813530442406773
0.007023332981189015
0.004649251056252979
0.007613988301309291
0.004826029116302379
0.007023871434503235
0.001574735625181347
0.005944115424790652
0.004290998221695191
0.006004894215293461
0.006199932209638064
0.002636948206782108
0.0034301930974106653
0.005256407157976355
0.003721714227467601
0.005679325610108208
0.0028038179700524777
0.003953448802367348
0.0024554942821851
0.010354699936324324
0.0021021533665407334
0.005248561514017638
0.002858880574021896
0.0024993787561288627
0.005353640399262076
0.006570892164963879
0.001956998351633956
0.004564255513505486
0.00423118033366336
0.0017229905094427523
0.008244828922470334
0.000572569938867673
0.004680344053831505
0.0008093054886649043
0.006150957073441532
0.0014114907994553505
0.0018431483065796783
0.006125235139843426
0.0017571235840387089
0.005758846998869558
0.002509203378494931
0.004715646627282695
0.0022934164881371543
0.0036785335762760953
0.002371204786140879
0.0017622412986020208
0.001758180204578821
0.0028902604418181
