19.574
51.198
61.824
70.522
78.838
84.612
89.246
92.168
95.296
96.004
97.7
98.468
97.446
98.354
98.608
99.146
99.264
98.874
99.324
99.364
99.056
99.204
99.212
99.202
99.528
99.404
99.61
99.778
99.274
99.49
99.668
99.61
99.67
99.634
99.68
99.642
99.582
99.732
99.8
99.344
99.588
99.758
99.824
99.742
99.716
99.748
99.74
99.704
99.74
99.786
99.834
99.592
99.848
99.784
99.662
99.814
99.646
99.778
99.58
99.322
99.868
99.618
99.748
99.77
99.73
99.828
99.802
99.858
99.63
99.796
99.752
99.468
99.782
99.878
99.872
99.816
99.804
99.796
99.442
99.672
99.416
99.45
99.844
99.518
99.344
99.372
99.746
99.826
99.83
99.874
99.832
99.502
99.812
99.872
99.806
99.688
99.776
99.674
99.69
99.472
