2.8703712117671967
1.6491019022464752
1.2228682708740235
0.954462828040123
0.7469775700569152
0.5681690600514412
0.3973908796906471
0.26231209337711336
0.16971007660031318
0.11017854928970337
0.08190287192352116
0.06148480867035687
0.053143631657585504
0.0419474445655942
0.04136306253261864
0.030114113229792565
0.03371669437503442
0.025811257758177816
0.021345013797981663
0.020615027914755047
0.021597825846401974
0.024403709121979773
0.01636941364966333
0.018020412662881426
0.013265682602941524
0.013187759357970208
0.013533853281405755
0.011942507632484193
0.014085431916755623
0.014418005093757529
0.011008558574394556
0.011372402166598477
0.009583034997340291
0.007589750826882664
0.009288842879468575
0.009994558674807195
0.008240433528844732
0.010849446640932
0.007543578906770563
0.00854305978762568
0.0064331137373665115
0.009450206928195258
0.007455088187962247
0.005989519536669831
0.008220959284808487
0.005367183104262949
0.004696637834276771
0.005324850690885796
0.006790192070347985
0.0060496992817206776
0.006102470759287826
0.003727172492308455
0.0041896254190214675
0.0033835915667486914
0.004044960894589167
0.003813014096886036
0.005658734291391738
0.005736816655480652
0.004016124520512676
0.005562052612849584
0.003250773640302214
0.003172449122639591
0.0033717989702199704
0.0035128807645514824
0.003231334437837177
0.0033005686177648387
0.0029106033389325603
0.00301841690134097
0.0026682224513569965
0.003123917228506343
0.004017916851544214
0.0035450740735586805
0.003337436931631146
0.0021900294498800577
0.00243152045467923
0.0057517193495368706
0.0017822482897554438
0.003355503537450204
0.002718619309587211
0.00220918157811866
0.002363650051752302
0.003133429210106442
0.004825284283540441
0.0020749596980112984
0.0030469371190281437
0.003594434358737999
0.0025527648002105253
0.00221514953087393
0.0026105455944946242
0.0021419532293089107
0.002382559123484498
0.002895838740068939
0.00206723398868462
0.0016859543182908964
0.0011849312365689003
0.0017738433383817664
0.0023521974071263685
0.003191901631689689
0.0020536295900183176
0.0024109666836716315
