19.794
27.612
46.25
56.124
64.082
69.812
73.42
77.166
85.396
85.238
90.698
95.092
97.638
98.08
99.034
98.374
99.214
99.606
99.472
99.12
99.754
98.202
99.462
99.444
99.084
99.33
99.336
99.698
99.508
99.356
99.794
99.824
99.538
99.762
99.408
99.716
99.52
99.86
99.476
99.708
99.74
99.772
99.68
99.774
99.716
99.78
99.898
99.748
99.856
99.83
99.786
99.896
99.868
99.698
99.834
99.82
99.912
99.714
99.704
99.918
99.91
99.902
99.91
99.714
99.872
99.8
99.872
99.84
99.88
99.922
99.898
99.936
99.956
99.882
99.942
99.832
99.952
99.952
99.926
99.876
99.858
99.906
99.94
99.906
99.896
99.918
99.976
99.924
99.96
99.948
99.934
99.934
99.952
99.956
99.858
99.934
99.928
99.934
99.914
99.918
