3.6978850030899046
1.913024890422821
1.459611210823059
1.2135398626327514
1.0342810034751893
0.8688955688476563
0.7218929660320282
0.5791081035137177
0.4449912542104721
0.33117202013731
0.2360321334004402
0.16660212218761444
0.11654066413640976
0.08888973861932754
0.06771276772022247
0.048256149664521214
0.040527287907898425
0.03803455006331205
0.03260652423836291
0.029876769706606864
0.02396382096223533
0.02652042749337852
0.021158623918890954
0.02100024465471506
0.02008764964528382
0.015263849846087396
0.014805085300467908
0.0152597251359839
0.011851938148029149
0.016352303966414183
0.014925524122081696
0.010521195114124566
0.012676918553188444
0.009667841789778323
0.010977249639108778
0.0077066489739809185
0.009814926648978144
0.008975395822781139
0.00933506926870905
0.009012705792556516
0.007130159344524145
0.00763023826177232
0.007645584021520335
0.006183767228212673
0.0071260697231628
0.009529411533439997
0.008228398285864387
0.0064833555465156675
0.0057741701700433625
0.0077076145494356756
0.006754748161547468
0.005235110551293474
0.004789558030461194
0.005652340659871698
0.005736571122251916
0.005378387325181393
0.004819529024534859
0.004787976950974553
0.0031650188775529386
0.004096845144958934
0.004449718174000737
0.003796834783061058
0.0031688777629460675
0.007246959836556925
0.003588251782784937
0.004395426164992386
0.0030511987346108073
0.005034414552137605
0.0052581810050287454
0.004279921393826953
0.0045127028069327935
0.0045826231985483905
0.00400562365372025
0.003026252517629473
0.0029401848989073186
0.0040633794454333835
0.0032480828011830455
0.0024428544908369075
0.0017623793355778616
0.0033196445964131273
0.004033338895424094
0.0035772819530029663
0.004368444261672266
0.003122241517812654
0.0011544293017277595
0.0013976540778548952
0.0009728445505925265
0.0018959520306043487
0.0026247809239066553
0.0019310511561707244
0.002678312775333325
0.0033019162276286805
0.0030277938043036558
0.0034771133761660167
0.0013465585372750865
0.0020990172779625027
0.001542559120930491
0.0028245184561592395
0.0019190612076431534
0.0013466367876117146
