2.809711182117462
1.5710557508468628
1.1531689363718032
0.9001899915933609
0.6890404629707336
0.525196250975132
0.35375348702073095
0.2309339538216591
0.15352879494428634
0.10549429781734944
0.08210979096591473
0.06339401570148766
0.04903082482516766
0.03838574707508087
0.035819055074825884
0.030588150240946563
0.028031994495540856
0.02879320497857407
0.0252418084256351
0.023958345231367275
0.020366333591518924
0.02245118909457233
0.017118860797490924
0.01614737880881876
0.017683441791159566
0.015164458844810724
0.014333213545032777
0.01366527011123253
0.013266060585447121
0.012795756776176859
0.011317338217922952
0.01061310828110436
0.01194265304657165
0.011353137997211889
0.009369394558889325
0.00948651547470945
0.008109000766999087
0.008667974355776096
0.009685460986147518
0.007971926044374413
0.008357910684571835
0.008131854895636934
0.005418719458502892
0.008000057255449064
0.006475712833562284
0.006307605777510617
0.006195581189749646
0.003596065755559721
0.0071960952998051655
0.0044875991499066
0.004774088305675832
0.00442786114923365
0.0036226009053189046
0.0056670129740632545
0.004412671279114874
0.003756028546667949
0.0043889161489823894
0.0028231220713200856
0.004161781303073439
0.0038062550800896135
0.004698014204113861
0.0027732951581856467
0.004679351711683921
0.003823759624996228
0.004873997736625597
0.002532010831248499
0.0037907461113900354
0.002911397364759978
0.004115801153843677
0.005885087827911093
0.003591151924590008
0.003873828593693531
0.004286295069056223
0.004121262976027538
0.002616392160007308
0.005545080579941555
0.0029730595123078274
0.004720874293352609
0.0031951670616236073
0.00296458325888409
0.0014994127418714242
0.002078340748747678
0.006195638562552404
0.0033342735259827803
0.0030614694600012626
0.0029917771492880972
0.0027029102436264907
0.004196407155248067
0.000914208596666164
0.004325517755444821
0.001889820988906763
0.0026618097111810357
0.001969331358536408
0.003146391983728165
0.0014695684035766021
0.004928208441182846
0.0007103944892759273
0.0022237762336092715
0.0014331014343164838
0.0029689034994038366
