3.499379415512085
1.8385373425483704
1.5320677304267882
1.332932026386261
1.1947583723068238
1.0745317924022675
0.9593321692943573
0.8536716175079345
0.7558282172679901
0.6438472640514373
0.5262029612064362
0.41319203734397886
0.32125665664672853
0.25629452675580977
0.16032300874590874
0.12653743036091328
0.20649845968931912
0.06919414179399609
0.02809103298932314
0.05601266473531723
0.009857173422351479
0.0569100985629484
0.057976904287934304
0.012232720302417874
0.015566541841253638
0.02115496626123786
0.007085915671195835
0.006479674223810434
0.007978396855760366
0.006777831693179906
0.049141666386276484
0.023069533882662654
0.02689191369805485
0.03803859331994317
0.008691632390255109
0.014162251115776599
0.017483818270266058
0.007593694196548313
0.008612313123885542
0.0066578008083160965
0.006307107454631478
0.016848714358638973
0.01191640537697822
0.011690908067394049
0.008807795520406217
0.005181457037106156
0.01111623281147331
0.009562828270718455
0.007561809769831598
0.008235918483696878
0.008797108593862504
0.005956868635257706
0.009497283340897411
0.00907147471792996
0.011354265785776078
0.006101321501191705
0.013407155338209123
0.007187497182749212
0.005121484120609239
0.003062446061812807
0.010929847678635269
0.005246238359250128
0.005374424745095894
0.00471110297658015
0.007610977067379281
0.006823764691362157
0.0053176884126150984
0.007528074800502509
0.005981620412203483
0.004687061076110694
0.003431070580263622
0.003096241723978892
0.002548008453741204
0.0006810503936867463
0.0055661387729924175
0.004193927089800127
0.006473635528818704
0.003914622441516258
0.004216274887585314
0.0016562617270392366
0.0050781853980151935
0.004678808622411452
0.0020708525914233176
0.0031988724818802438
0.004720619083964266
0.000955343190144049
0.009869168464792893
0.0028279766826017293
0.00507694872940192
0.004767211106955074
0.004847873878316022
0.0026329795266065046
0.003480863653094275
0.005510206325561739
0.0020881270243262406
0.003780392356129596
0.004017867167422082
0.0030763310674228705
0.002385447519918671
0.005322879888408352
