24.588
46.352
56.544
62.086
73.33
78.52
85.684
88.706
92.304
96.712
95.734
97.534
98.39
98.034
99.066
98.378
98.604
99.358
99.348
99.246
99.398
99.49
99.512
99.012
99.5
99.596
99.642
99.816
99.696
99.588
99.684
99.576
99.538
99.738
99.75
99.808
99.778
99.754
99.862
99.798
99.716
99.95
99.71
99.83
99.784
99.916
99.882
99.882
99.744
99.772
99.914
99.806
99.4
99.9
99.268
99.762
99.972
99.864
99.97
99.662
99.858
99.972
99.934
99.888
99.898
99.818
99.936
99.786
99.744
99.95
99.972
99.9
99.948
99.958
99.886
99.888
99.772
99.966
99.904
99.926
99.9
99.972
99.852
99.934
99.826
99.764
99.894
99.954
99.962
99.49
99.914
99.97
99.922
99.868
99.966
99.93
99.93
99.99
99.85
99.964
