6.848153228759766
6.629372844696045
5.894774723052978
2.3146150493621827
2.272873992919922
2.2489696407318114
2.208562660217285
2.1926543521881103
2.178132553100586
2.1495286083221434
2.1457205200195313
2.1324813747406006
2.1220243835449217
2.109633569717407
2.0979565620422362
2.0797853469848633
2.085317153930664
2.08044602394104
2.0600478649139404
2.062101516723633
2.0548299980163574
2.0397146224975584
2.032746114730835
2.0306194257736205
2.0170588636398317
2.0133011531829834
2.0182988691329955
2.0079061937332154
2.003103270530701
1.9927332496643066
1.9909606504440307
1.9825830841064453
1.974399447441101
1.974309515953064
1.9650947046279907
1.964835147857666
1.9503131246566772
1.952245316505432
1.9487027883529664
1.9493069982528686
1.9344424533843994
1.9255184125900269
1.9265229892730713
1.9308960390090943
1.9231797742843628
1.911576418876648
1.9092309761047364
1.9126848363876343
1.9154211711883544
1.8998866891860962
1.8907409000396729
1.8959260416030883
1.9072893142700196
1.8819692945480346
1.8883670902252196
1.8819952726364135
1.8745333194732665
1.885669107437134
1.8745851850509643
1.8726000499725342
1.876957154273987
1.8608488845825195
1.8612295866012574
1.8525397062301636
1.8725778293609618
1.849386043548584
1.8534794664382934
1.8620155382156371
1.8419786977767945
1.856705002784729
1.8390964984893798
1.8375209283828735
1.8490351057052612
1.849146032333374
1.826529860496521
1.8245076036453247
1.8488618373870849
1.8288690757751465
1.8320287322998048
1.83326425075531
1.8289301156997682
1.8240508079528808
1.8182379245758056
1.8327433729171754
1.8189251518249512
1.8189293909072877
1.8077095651626587
1.8155916166305541
1.8091273164749146
1.801726326942444
1.8085133981704713
1.8106044435501099
1.8073014068603515
1.8077923154830933
1.7975930213928222
1.7988332986831665
1.7935043287277221
1.7975125074386598
1.7969039630889894
1.7952032279968262
1.7921928882598877
1.782309045791626
1.8018286752700805
1.786690912246704
1.78570650100708
1.7878694772720336
1.778942165374756
1.7886462020874023
1.789855718612671
1.7839572620391846
1.7705840730667115
1.7783164358139039
1.7705394554138183
1.7724119663238525
1.7728013038635253
1.7612873125076294
1.7672195053100586
1.7630379676818848
1.7721626520156861
1.7554255819320679
1.7565623235702514
1.759259033203125
1.7670851182937621
1.7513408708572387
1.7547477912902831
1.766700301170349
1.762513642311096
1.7544747924804687
1.7457153415679931
1.7514767837524414
1.7507710886001586
1.7443105316162109
1.731439733505249
1.7520805740356444
1.7328772974014282
1.7458215045928955
1.7435739278793334
1.7363708019256592
1.73834632396698
1.7309830856323243
1.7377583932876588
1.7345911693572997
1.7286381435394287
1.7314137363433837
1.7250130414962768
1.7308647680282592
1.7292276191711426
1.7240413284301759
1.7369316482543946
1.7160900592803956
1.71731369972229
1.7126161432266236
1.7338995265960693
1.7143747186660767
1.710962324142456
1.7181402254104614
1.713221502304077
1.7093889045715331
1.721108741760254
1.700413818359375
1.7090542316436768
1.7219151449203491
1.7042109918594361
1.705373592376709
1.6981021213531493
1.6995725917816162
1.7045336008071899
1.699377522468567
1.6927412366867065
1.6992816495895386
1.7052204847335815
1.698635573387146
1.6876495313644408
1.6941651868820191
1.6890728235244752
1.7014444875717163
1.6923791885375976
1.6895926666259766
1.6915561723709107
1.6844912052154541
1.6845917510986328
1.6876630926132201
1.68173921585083
1.6799120616912842
1.688658504486084
1.6833279180526732
1.6797652816772461
1.6887019348144532
1.670296049118042
1.6804601907730103
1.6812515783309936
1.681891951560974
1.6793426609039306
1.679769196510315
1.6644859552383422
1.6660922956466675
1.6687998342514039
1.673530149459839
1.6663176012039185
1.6673868083953858
1.672895541191101
1.6621258306503295
1.6655470418930054
1.6729152774810792
1.6708039140701294
1.6579591989517213
1.6576228380203246
1.655451683998108
1.6631063175201417
1.6684865427017213
1.6662409782409668
1.6490438890457153
1.6616312170028686
1.6609198427200318
1.6586362791061402
1.641624050140381
1.642500123977661
1.6690922117233276
1.6543451070785522
1.6507301807403565
1.656684889793396
1.6570123958587646
1.6591308069229127
1.6529308891296386
1.6406879806518555
1.6484079694747924
1.6448066282272338
1.6454852199554444
1.6354776477813722
1.6475389671325684
1.6466790342330933
1.6494969177246093
1.6414105796813965
1.647864441871643
1.643703579902649
1.641916847229004
1.6407655715942382
1.6333848667144775
1.6316324472427368
1.6383505249023438
1.6338579559326172
1.6276147317886354
1.641576237678528
1.6366519021987915
1.6335469675064087
1.628925838470459
1.6359749984741212
1.63732985496521
1.6272031211853026
1.6304787969589234
1.6319074630737305
1.636556053161621
1.6429148197174073
1.6316129636764527
1.630381293296814
1.6432913446426392
1.6155932235717774
1.6201145029067994
1.617188754081726
1.6303411054611205
1.6249278593063354
1.6180639791488647
1.6191037225723266
1.6268736982345582
1.6307129812240602
1.6203173303604126
1.6227862739562988
1.618205509185791
1.635515308380127
1.609323377609253
1.62076171875
1.6166062927246094
1.6229491090774537
1.6269797706604003
1.6151091003417968
1.6100722455978393
1.6275515031814576
1.606936912536621
1.608369188308716
1.6101156902313232
1.620300841331482
1.6233232975006104
1.6192922019958496
1.619006724357605
1.6059910106658934
1.5879261875152588
1.6133204555511476
1.6156214141845704
1.607679009437561
1.6221360492706298
1.6022029972076417
1.604040174484253
1.6106214904785157
1.6060342025756835
1.6096042060852052
1.6080507469177245
1.5983679962158204
1.604855694770813
1.606113438606262
1.6070598363876343
