4.113501172065735
1.9909316277503968
1.6296321725845337
1.3716015028953552
1.1589598059654236
1.0108356392383575
0.8610791027545929
0.7392418622970581
0.6059208738803864
0.4777258449792862
0.36201358258724214
0.27080909758806226
0.18484331369400026
0.14443416766822337
0.10442779511213303
0.08669389169663191
0.07012013778090477
0.04550723194144666
0.04465345924720168
0.0592766741104424
0.04667219841852784
0.03650423762854189
0.02663734645349905
0.025279301744885744
0.019920791601762175
0.023255067514255642
0.021833212301135062
0.018437292024027555
0.016569584594108164
0.017801933146547527
0.014464130522683263
0.01654609146993607
0.013673812879715115
0.015475459857843816
0.010463966687675566
0.012614740070421248
0.012902753027155996
0.008530396806309
0.00901351164910011
0.010377497016452252
0.010754686179570854
0.01064526082132943
0.011106501698959619
0.0075117126607801765
0.010012746069114654
0.006486971692647785
0.010187228055438027
0.009484758332837373
0.0048447181514347905
0.006913079088262748
0.0076684440486133095
0.007293972699844744
0.00708284487714991
0.004511146390577778
0.006511754866805859
0.004113734702696092
0.005777797765331343
0.006525120639707893
0.006969211988034658
0.005018043726449832
0.005025122980005108
0.005399718696717173
0.004545794969017152
0.0042673774622380735
0.003271225305943517
0.003966863986570388
0.004836060886154883
0.006440253403270617
0.0052798829702078364
0.004495375689148204
0.004073939764566603
0.0042845136241521685
0.005032360255427193
0.0029549066670006142
0.004525597270403523
0.0037535481310624163
0.005955845765420235
0.004617356858070707
0.0032903850890579635
0.003660256902585388
0.0052084200488752685
0.00403140274436737
0.0022853417816804723
0.004326615380559815
0.003485140610464441
0.004624413004385133
0.0019419702947197947
0.0025701635838777295
0.0036688152974784314
0.0027059371032373747
0.0028755632738466375
0.001788874053490872
0.003126014292756736
0.0025650047356612048
0.003333572769770399
0.0040809873936814255
0.0021190963545814154
0.0030352322892031225
0.003137405516463332
0.004663231997546972
