15.204
36.936
48.31
60.842
62.798
73.38
77.878
81.3
86.29
87.198
90.294
94.994
96.312
98.052
97.772
99.272
98.598
99.132
99.286
99.472
99.046
99.524
99.402
99.55
99.452
99.356
99.174
99.614
99.59
99.7
99.726
99.766
99.478
99.78
99.672
99.734
99.828
99.612
99.706
99.726
99.662
99.812
99.868
99.89
99.898
99.844
99.832
99.938
99.82
99.858
99.894
99.92
99.84
99.9
99.844
99.812
99.898
99.872
99.87
99.862
99.838
99.876
99.888
99.85
99.864
99.946
99.874
99.95
99.846
99.896
99.934
99.89
99.86
99.978
99.88
99.89
99.958
99.936
99.914
99.866
99.872
99.96
99.914
99.958
99.968
99.972
99.958
99.952
99.886
99.902
99.972
99.94
99.942
99.974
99.968
99.954
99.968
99.976
99.966
99.968
