17.482
35.324
48.074
59.536
65.64
69.866
77.142
81.836
88.008
91.544
93.136
96.116
97.222
98.4
99.326
98.884
97.806
98.128
98.87
99.116
99.278
99.512
99.708
99.612
99.51
99.79
99.79
99.66
99.69
99.48
99.792
99.708
99.79
99.526
99.826
99.608
99.408
99.698
99.854
99.808
99.85
99.77
99.826
99.792
99.784
99.848
99.588
99.842
99.778
99.92
99.896
99.884
99.896
99.91
99.894
99.844
99.874
99.924
99.684
99.81
99.892
99.902
99.904
99.914
99.878
99.856
99.798
99.844
99.836
99.928
99.908
99.93
99.924
99.924
99.908
99.91
99.858
99.934
99.918
99.954
99.852
99.942
99.956
99.84
99.97
99.902
99.922
99.938
99.958
99.96
99.978
99.918
99.944
99.92
99.944
99.95
99.922
99.966
99.886
99.946
