0.0
7.186
9.996
16.16
16.32
11.706
20.134
18.574
23.656
21.994
22.226
24.548
24.798
24.952
25.534
23.59
27.008
26.352
26.744
25.396
26.46
28.538
27.708
25.732
28.674
28.78
28.192
29.496
28.918
29.908
29.682
29.358
30.31
29.482
29.966
30.742
31.296
30.566
31.452
30.35
31.18
31.15
32.12
31.762
31.504
31.54
31.816
31.496
32.678
32.504
32.39
31.346
33.164
33.108
32.838
32.802
32.512
33.156
32.558
32.858
33.278
32.99
32.346
32.856
33.284
32.702
33.292
33.456
33.818
34.006
33.9
34.256
33.326
34.232
33.894
34.306
34.276
34.504
33.764
34.77
34.366
34.428
34.688
34.4
34.452
34.908
34.766
35.166
35.15
34.918
35.24
34.986
35.524
35.78
35.286
34.924
35.03
35.086
35.782
35.53
35.51
35.59
35.886
35.706
35.578
36.362
35.63
35.562
36.254
36.01
36.346
36.158
35.904
36.746
36.278
36.738
36.424
36.386
36.254
37.094
36.908
36.234
36.026
36.742
36.546
37.176
37.12
37.378
37.144
37.432
37.31
37.252
37.56
37.516
37.584
36.462
37.468
37.844
37.594
37.798
38.02
37.88
38.03
38.034
37.958
37.936
37.776
37.948
38.306
38.296
38.476
38.138
38.336
38.564
38.116
38.398
38.66
38.346
38.784
38.506
38.7
38.34
38.758
38.834
38.69
38.322
38.818
38.698
38.148
38.338
39.084
38.676
39.154
38.062
39.01
39.06
39.058
38.978
38.866
38.764
39.352
39.41
39.334
39.446
38.912
39.396
39.48
39.538
39.596
39.7
39.152
39.822
39.654
39.286
39.712
39.846
39.45
39.74
40.006
39.636
39.848
40.038
39.884
39.898
40.12
39.988
40.12
40.304
40.122
40.05
40.426
40.026
40.44
40.24
40.434
40.496
40.462
40.036
40.596
40.524
40.304
40.59
39.94
40.4
40.116
40.342
40.62
40.556
40.448
40.804
40.306
40.908
40.672
40.46
40.668
40.594
40.54
40.824
40.498
41.098
40.766
40.948
40.7
40.818
40.928
40.912
41.004
40.614
40.67
41.136
41.268
41.148
40.908
41.216
41.376
41.182
41.352
41.192
41.31
41.28
41.292
41.33
41.21
41.504
41.316
41.386
41.57
41.664
41.512
41.492
41.798
41.23
41.646
41.648
41.774
41.566
41.592
41.52
41.73
41.712
41.406
41.626
41.728
41.74
41.268
41.57
42.0
41.968
42.14
41.488
41.814
41.834
41.458
42.046
41.744
41.588
41.966
41.604
42.256
42.04
