28.542
43.67
58.35
66.568
77.214
82.118
88.548
92.032
93.728
96.722
97.252
98.45
96.812
98.894
98.584
98.386
99.556
99.55
99.316
99.326
99.372
99.618
99.17
99.568
99.776
99.528
99.562
99.74
99.504
99.664
99.596
99.708
99.696
99.788
99.616
99.75
99.782
99.816
99.86
99.672
99.696
99.91
99.838
99.85
99.872
99.838
99.84
99.818
99.912
99.926
99.858
99.844
99.866
99.92
99.916
99.88
99.856
99.832
99.89
99.846
99.83
99.914
99.914
99.904
99.874
99.93
99.926
99.92
99.888
99.922
99.93
99.902
99.896
99.904
99.794
99.934
99.944
99.854
99.91
99.914
99.94
99.918
99.958
99.962
99.86
99.924
99.954
99.922
99.946
99.916
99.938
99.904
99.94
99.972
99.97
99.864
99.966
99.95
99.982
99.938
