6.718511762619019
4.590922131538391
2.300687460899353
2.2115181493759155
2.1750362396240233
2.1534523391723632
2.0953100299835206
2.06839337348938
2.062516841888428
2.017876691818237
2.017535228729248
2.003486976623535
1.9803858852386476
1.9652864003181458
1.9688695192337036
1.9363237380981446
1.921477997303009
1.9312939071655273
1.9132857632637024
1.9057090759277344
1.8943899178504944
1.8775938177108764
1.8847273349761964
1.873185167312622
1.8652001786231995
1.8581158113479614
1.8518376708030702
1.8310066413879396
1.8408893275260925
1.8420154333114624
1.8265058159828187
1.8182485485076905
1.8177378845214844
1.807793629169464
1.8076700735092164
1.7951572442054748
1.7927951407432556
1.7882765603065491
1.7842526483535766
1.7689499926567078
1.7586166667938232
1.7802634859085082
1.7429597616195678
1.7584878540039062
1.7588861346244813
1.7436082863807678
1.7465862321853638
1.7336143493652343
1.7208085989952087
1.7193131947517395
1.721659209728241
1.7189453887939452
1.699048421382904
1.70318279504776
1.7010433554649353
1.7018401741981506
1.690026342868805
1.6930054593086243
1.686902196407318
1.6740681195259095
1.6867715907096863
1.6804623675346375
1.6728578472137452
1.6649672675132752
1.6645776081085204
1.6655260729789734
1.66280832529068
1.6518404984474182
1.6503577661514282
1.6497437715530396
1.6496111488342284
1.6326905488967896
1.6459210658073424
1.6372057485580445
1.6420227694511413
1.6386438870429993
1.623963601589203
1.6301074695587159
1.6279141879081727
1.6215125656127929
1.6208443641662598
1.6324966025352479
1.621784954071045
1.6101235508918763
1.6205928015708924
1.6031657314300538
1.609992036819458
1.6050382685661315
1.6086791610717774
1.6147107696533203
1.6016098546981812
1.6028066062927246
1.5928985166549683
1.601150290966034
1.5983568668365478
1.5918592929840087
1.5925242352485656
1.5881550478935242
1.5869426727294922
1.5852902793884278
1.5924275612831116
1.5918083596229553
1.5859165143966676
1.5902155613899231
1.5705503582954408
1.5686694645881654
1.5688471150398255
1.589861719608307
1.586122465133667
1.5740013360977172
1.5560613536834718
1.5719437384605408
1.5660701704025268
1.5713106346130372
1.5628983616828918
1.565716314315796
1.5566581034660338
1.548137276172638
1.5620384120941162
1.5728573894500733
1.5580612349510192
1.5534327220916748
1.5625735425949097
1.5589887881278992
1.558311767578125
1.5529806423187256
1.5488328170776366
1.5493769431114197
1.5495288920402528
1.5482486176490784
1.550870382785797
1.546810302734375
1.5457512283325194
1.5450554132461547
1.5450913143157958
1.5348761415481567
1.536561689376831
1.5345737648010254
1.5237860894203186
1.550700294971466
1.526172935962677
1.529105851650238
1.524212441444397
1.5376928567886352
1.5140357661247252
1.5473481512069702
1.5383793759346007
1.5340431761741637
1.5255266427993774
1.519967839717865
1.5312788438796998
1.5223262262344361
1.5238259601593018
1.5266538810729982
1.5202704977989197
1.5215327048301697
1.5158334732055665
1.519916477203369
1.5257795858383179
1.5170079636573792
1.5173410844802857
1.516151385307312
1.5191199040412904
1.5138091373443603
1.5158803939819336
1.513621175289154
1.5169439363479613
1.5057811522483826
1.5088465523719787
1.5097967624664306
1.5126313614845275
1.4989974617958068
1.5106061148643493
1.506466691493988
1.4992989444732665
1.5011129021644591
1.5156922364234924
1.4958711051940918
1.5118836283683776
1.4937928581237794
1.5050595641136169
1.4981616520881653
1.505156807899475
1.4918746447563171
1.50758948802948
1.495857117176056
1.4978548383712769
1.4901002883911132
1.4960543131828308
1.494030921459198
1.4998044872283935
1.501040413379669
1.4845372319221497
1.4959663343429566
1.486520731449127
1.4845384311676026
1.4883253955841065
1.4872088956832885
1.4985135626792907
1.4839601016044617
1.484021110534668
1.477793469429016
1.4732028293609618
1.4817650270462037
1.4852281522750854
1.479998927116394
1.4872454237937927
1.4780074214935304
1.4652596974372865
1.4828550004959107
1.4691363406181335
1.4785428047180176
1.4744979858398437
1.4703308296203614
1.4768076586723327
1.4769133186340333
1.4767834806442262
1.4668339252471925
1.4635176587104797
1.4869451379776002
1.4694403171539308
1.4758770322799684
1.4792374444007874
1.4581796002388
1.4605194425582886
1.4622349524497986
1.4641897773742676
1.4767119097709656
1.4721090149879457
1.446535952091217
1.4713204216957092
1.4817256999015809
1.4528504753112792
1.4604475903511047
1.456462597846985
1.4685156202316285
1.4636100697517396
1.4603714990615844
1.460139012336731
1.456161072254181
1.4655651950836182
1.4666139531135558
1.451112415790558
1.447013885974884
1.4648322868347168
1.4480261325836181
1.450090537071228
1.4639137554168702
1.4518706321716308
1.4474956679344178
1.4496778845787048
1.44222243309021
1.4612904262542725
1.4378429937362671
1.4408072137832642
1.4591449999809265
1.4497482419013976
1.4452395415306092
1.4483433294296264
1.43544584274292
1.4517833828926086
1.4455210828781129
1.4486107540130615
1.4546599459648133
1.435565221309662
1.4451049327850343
1.4487715220451356
1.4443224716186522
1.443375108242035
1.4279856395721435
1.4417233777046203
1.4446445631980895
1.4379889798164367
1.4385808539390563
1.4488666200637816
1.4344471096992493
1.4419908213615418
1.4389143323898315
1.4371170616149902
1.4391460013389588
1.4360212683677673
1.4300840878486634
1.425073149204254
1.436527223587036
1.4289665842056274
1.422208240032196
1.4391258716583253
1.4308180451393127
1.4201405549049377
1.4349471759796142
1.4371643614768983
1.4288039708137512
1.4326611399650573
1.4358810186386108
1.4181239581108094
1.430204598903656
1.4323333430290222
1.4197930526733398
1.4350376892089844
1.4176593494415284
