8.71
14.362
17.192
21.176
17.312
21.102
24.848
26.878
24.608
28.202
26.424
27.792
29.422
30.802
30.73
30.874
30.43
31.424
32.02
30.536
31.284
32.268
32.752
32.99
32.478
32.98
33.922
33.518
33.672
33.938
33.858
34.68
34.124
34.702
34.858
35.29
34.116
35.56
34.646
35.732
35.844
35.796
36.068
36.556
36.132
36.824
37.088
36.986
36.312
37.426
37.562
37.666
38.176
37.978
38.112
37.99
37.85
38.598
38.16
38.852
38.862
37.958
39.044
38.872
39.056
38.908
38.794
39.74
39.864
39.364
39.304
39.728
39.754
39.556
39.76
39.926
40.044
40.242
40.538
40.288
40.506
41.212
40.194
40.804
40.35
40.686
41.16
41.222
41.334
41.332
41.676
41.584
41.702
41.054
41.65
41.694
41.742
41.692
41.642
41.376
41.63
41.59
41.988
42.072
41.742
42.378
42.346
42.092
42.048
42.526
42.556
41.958
42.946
42.4
43.014
42.852
42.192
42.636
42.406
42.842
42.968
42.886
43.166
43.256
43.014
43.412
43.352
43.308
43.494
42.978
43.596
43.166
43.014
43.524
43.72
43.556
43.89
43.774
43.468
43.648
43.658
43.96
44.104
43.912
43.742
43.89
43.842
44.336
43.894
44.196
43.988
44.03
44.376
44.18
44.434
43.666
44.714
44.088
44.288
44.326
44.818
44.428
45.02
44.88
44.958
44.872
44.89
45.012
44.818
45.236
44.832
44.822
44.858
45.078
45.188
45.17
44.728
45.144
45.282
45.174
45.286
45.324
45.366
45.594
45.526
45.732
45.268
45.78
45.584
45.534
45.628
45.854
45.92
45.632
45.708
45.74
45.97
45.706
45.616
46.164
46.19
45.774
46.116
45.95
46.238
46.174
45.686
46.304
46.43
46.286
46.084
46.262
46.488
45.942
46.504
46.562
45.946
46.446
46.728
46.284
46.33
46.51
46.456
46.544
46.284
46.62
46.696
46.818
46.566
46.762
46.87
46.976
47.138
46.948
46.96
46.834
47.12
47.21
46.824
47.308
47.102
47.26
47.194
47.296
47.336
47.374
47.392
47.154
47.168
47.5
47.198
47.468
47.182
47.642
47.536
47.81
47.676
47.706
47.332
47.78
47.86
47.854
47.816
47.844
47.982
47.414
47.982
47.776
48.088
47.894
47.894
48.112
48.056
48.148
47.95
47.806
48.184
47.948
48.196
48.348
47.998
48.096
48.004
48.114
48.162
48.15
48.188
48.396
47.994
48.408
48.278
48.458
48.494
48.628
48.078
48.596
48.454
48.65
48.496
48.312
