1.5838633862137794
1.0423301281630992
0.7693260518610477
0.5960089303255082
0.45791790722310544
0.35133823164924977
0.25388591159507634
0.1877276554107666
0.13493001948390157
0.1053875624423381
0.08116655358788558
0.06801396042207489
0.058356810418132225
0.05092627349391114
0.043429304433011566
0.03835311887040734
0.034313152371294564
0.03198653696841211
0.03140376749529241
0.026159006778696495
0.023441909078665047
0.020395102637576202
0.019290674460416993
0.021604255708443817
0.018547375745030875
0.016878308004592328
0.019306870291893576
0.01375617033346498
0.013214639211731992
0.015123376461307316
0.013269397644872697
0.014410538446916006
0.011694065135532354
0.01043684005182024
0.010288090360984598
0.010928225814251165
0.010184724000522692
0.008880133083879627
0.009100434777555505
0.009894383796547146
0.009636775074441516
0.010197432613937168
0.009178174293800453
0.008508642625719744
0.007523439702870235
0.006719514432627988
0.008763329025719713
0.0067941744059273786
0.006912143909061058
0.0075416332414820035
0.005953377077660889
0.005896065723562799
0.007565599457024575
0.005297301867358627
0.00636552496182837
0.005661897385642959
0.005952979108076018
0.004776755132425848
0.005344042347111866
0.004260159257742206
0.005041509264164017
0.0053540678870420385
0.004685380073523184
0.004638545035498531
0.004324501048554446
0.005268980823502755
0.004478259303553863
0.004136815111267428
0.003790073275098589
0.003998947169355094
0.0024082065069831716
0.004414166451299198
0.0043101408494831015
0.0035468274430991327
0.004158051523625179
0.004149252574666375
0.005177422749818447
0.003313841734270854
0.0026351340157892557
0.004186948941925535
0.003962671964773007
0.0038125127700299527
0.004204086445115205
0.0032269415914685097
0.0033683033538915485
0.0034655205776364336
0.004207565510042007
0.0029354724774821985
0.00225229611387541
0.003608838653926146
0.0030322249651130386
0.0028297546515076624
0.0020692402710504928
0.0028294244646103884
0.0019109641053181921
0.0020099411398536143
0.002788338254482392
0.0028223574468584094
0.0022360516824058035
0.0033559069719558293
