52.55531914893617
60.92978723404255
74.07659574468084
78.92127659574469
83.79787234042553
84.72127659574468
88.67659574468085
89.62127659574467
92.78936170212766
93.8936170212766
96.18085106382979
96.28510638297873
97.19787234042553
97.64893617021276
98.06170212765957
98.2127659574468
98.78936170212766
98.98936170212765
98.91914893617022
98.92340425531916
99.07234042553192
99.08297872340425
99.20212765957447
99.21914893617021
99.27872340425532
99.55106382978724
99.62340425531914
99.39148936170213
99.50851063829788
99.41914893617022
99.66170212765958
99.49148936170212
99.55744680851063
99.60212765957446
99.61702127659575
99.61276595744681
99.6531914893617
99.75106382978723
99.76382978723404
99.76170212765958
99.76382978723404
99.70212765957447
99.6659574468085
99.79787234042553
99.85744680851064
99.82765957446809
99.73617021276596
99.86382978723404
99.8340425531915
99.82765957446809
99.8936170212766
99.82340425531915
99.89574468085107
99.79361702127659
99.86808510638298
99.8340425531915
99.90851063829787
99.85531914893618
99.88085106382978
99.87659574468086
99.8531914893617
99.75531914893617
99.89574468085107
99.89148936170213
99.8936170212766
99.93404255319149
99.91914893617022
99.89148936170213
99.91914893617022
99.9
99.93191489361702
99.93404255319149
99.93404255319149
99.93191489361702
99.9531914893617
99.86382978723404
99.94255319148937
99.94255319148937
99.92765957446808
99.92765957446808
99.92765957446808
99.93404255319149
99.94468085106384
99.95957446808511
99.91489361702128
99.94893617021276
99.92978723404255
99.97446808510638
99.93829787234043
99.93191489361702
99.95744680851064
99.92127659574469
99.87659574468086
99.93404255319149
99.95744680851064
99.91702127659575
99.95744680851064
99.92978723404255
99.95106382978723
99.97234042553191
99.9531914893617
99.96170212765958
99.95744680851064
99.96170212765958
99.9531914893617
99.95744680851064
99.96808510638297
99.95106382978723
99.96382978723405
99.98085106382979
99.97021276595744
99.94680851063829
99.94893617021276
99.9531914893617
99.92127659574469
99.95531914893617
99.96595744680852
99.95957446808511
99.96595744680852
99.95531914893617
99.99148936170212
99.96170212765958
99.98085106382979
99.9872340425532
99.97446808510638
99.98297872340426
99.98085106382979
99.95531914893617
99.96808510638297
99.96595744680852
99.96170212765958
99.98297872340426
99.96808510638297
99.97234042553191
99.96595744680852
99.98297872340426
99.97446808510638
99.97446808510638
99.97021276595744
99.97446808510638
99.97234042553191
99.9872340425532
99.96808510638297
99.98936170212765
99.97872340425532
99.97872340425532
99.97872340425532
99.94255319148937
99.96382978723405
99.98510638297873
99.97872340425532
99.98085106382979
99.98936170212765
99.96382978723405
99.98510638297873
99.98085106382979
99.97021276595744
99.97659574468085
99.9872340425532
99.98297872340426
99.98085106382979
99.99148936170212
99.99148936170212
99.99787234042553
99.98297872340426
99.99361702127659
99.97872340425532
99.98936170212765
99.98297872340426
99.99148936170212
99.99148936170212
99.99361702127659
99.99148936170212
99.99361702127659
99.99148936170212
99.9872340425532
99.99574468085106
99.9872340425532
99.99361702127659
99.99574468085106
99.98510638297873
99.98510638297873
99.98510638297873
99.99148936170212
99.99361702127659
99.99574468085106
99.98510638297873
99.99361702127659
99.99148936170212
100.0
100.0
99.99787234042553
99.99361702127659
99.98936170212765
99.99787234042553
99.99361702127659
99.99574468085106
99.99787234042553
99.99148936170212
99.98510638297873
