54.66382978723404
68.01063829787235
77.76808510638298
82.41702127659575
86.91702127659575
90.98297872340426
93.07446808510639
94.71914893617021
96.40851063829787
96.98510638297873
97.8468085106383
98.08510638297872
98.62978723404255
98.26170212765958
98.86170212765957
99.03191489361703
99.07021276595745
99.22978723404255
99.26170212765958
99.41702127659575
99.29361702127659
99.5
99.42765957446808
99.38297872340425
99.58510638297872
99.51702127659574
99.63404255319149
99.42127659574469
99.64893617021276
99.42978723404255
99.58510638297872
99.68723404255319
99.53617021276595
99.64255319148936
99.68936170212766
99.57446808510639
99.7404255319149
99.7595744680851
99.72340425531915
99.7872340425532
99.7404255319149
99.79574468085106
99.7
99.79787234042553
99.71702127659574
99.71914893617021
99.9
99.86595744680851
99.86382978723404
99.79574468085106
99.78297872340426
99.82553191489362
99.81276595744681
99.88723404255319
99.81914893617021
99.77446808510638
99.88723404255319
99.85744680851064
99.89787234042554
99.87659574468086
99.79361702127659
99.85106382978724
99.87446808510639
99.77234042553191
99.84468085106383
99.90851063829787
99.8531914893617
99.85106382978724
99.84042553191489
99.92765957446808
99.82765957446809
99.87234042553192
99.91914893617022
99.89148936170213
99.9
99.91063829787234
99.89787234042554
99.86170212765957
99.9063829787234
99.9063829787234
99.93617021276596
99.91063829787234
99.92765957446808
99.94468085106384
99.86595744680851
99.87234042553192
99.90212765957448
99.88297872340425
99.93404255319149
99.84255319148936
99.88297872340425
99.9404255319149
99.90425531914893
99.92553191489361
99.94468085106384
99.8936170212766
99.96170212765958
99.89574468085107
99.92978723404255
99.94468085106384
