50.47234042553192
66.37872340425533
75.81914893617021
82.10851063829787
88.61063829787234
92.36808510638298
95.02127659574468
96.41489361702128
98.07659574468084
97.98085106382979
98.71702127659574
98.60851063829787
99.00638297872341
98.98510638297873
98.89787234042554
99.44680851063829
99.27234042553191
99.64468085106382
99.37659574468086
99.62553191489361
99.29148936170213
99.4531914893617
99.7
99.58085106382978
99.64893617021276
99.63617021276596
99.55531914893616
99.6659574468085
99.61914893617022
99.60425531914893
99.78297872340426
99.6531914893617
99.66170212765958
99.7127659574468
99.8936170212766
99.72553191489362
99.70212765957447
99.84042553191489
99.86595744680851
99.82340425531915
99.90851063829787
99.82765957446809
99.79148936170213
99.84042553191489
99.87872340425533
99.88936170212766
99.94680851063829
99.8340425531915
99.85744680851064
99.84893617021277
99.94893617021276
99.81063829787234
99.72127659574468
99.88510638297872
99.94680851063829
99.9
99.82553191489362
99.92978723404255
99.7404255319149
99.95957446808511
99.93191489361702
99.84255319148936
99.92340425531916
99.9063829787234
99.91914893617022
99.96382978723405
99.91276595744681
99.90425531914893
99.89148936170213
99.94680851063829
99.90851063829787
99.9531914893617
99.98297872340426
99.91914893617022
99.87234042553192
99.96808510638297
99.97659574468085
99.95744680851064
99.85744680851064
99.91914893617022
99.92978723404255
99.95106382978723
99.91914893617022
99.95744680851064
99.96382978723405
99.89574468085107
99.97659574468085
99.92978723404255
99.95106382978723
99.96595744680852
99.98510638297873
99.95744680851064
99.95106382978723
99.93191489361702
99.95106382978723
99.96170212765958
99.94680851063829
99.91276595744681
99.92978723404255
99.94893617021276
