1.675167466044426
1.2162596362531186
0.8546402835100889
0.7723446063697338
0.5487038319222629
0.512290195159614
0.3722878168411553
0.3744381767436862
0.24524648937443272
0.25212434750143436
0.15268024580320344
0.1638153654516209
0.09408550188347
0.10515202430426143
0.058630854636750884
0.06503421197051648
0.046082532173655634
0.04922526340327749
0.033844356961555605
0.03996434908770607
0.03121364500042546
0.033460214330494634
0.023493490656957876
0.027797629923808926
0.018462945480456256
0.020824492457933958
0.017034243691343362
0.018320369760323956
0.019119800820063575
0.014773285514596864
0.014963947841980598
0.015903512091738774
0.012124465071556187
0.012637188326627892
0.00890112624826088
0.013162413914679177
0.010148002364842342
0.009310270548001086
0.007900584537448707
0.010261260169604157
0.007766990834324133
0.0097302926567844
0.007208140649844722
0.00909064989319981
0.006378340632878462
0.006870250563549462
0.007373320249108133
0.006526718506570347
0.006366979670620026
0.005512463621269205
0.005372166790273781
0.007222770521667926
0.00530034454129968
0.006038000345074735
0.004189842705060485
0.0045904889404876316
0.005232767562636412
0.004062598025146243
0.004950871947923503
0.00423416401513731
0.005173544615220593
0.0034136355045335165
0.003929170456800847
0.0028799993744969897
0.004815154632466806
0.0040532741800929206
0.0027523792081459424
0.0026271183350108627
0.004057941095238812
0.003926933491440841
0.0029247048629157356
0.003433457486630814
0.002109222488037385
0.0027558844355372292
0.0023511996841555096
0.0028209653325898323
0.0019836046633240566
0.002015869086558432
0.0021029273888722453
0.002044370787090418
0.0016005761985774215
0.0030813454868273095
0.0017654289161976506
0.00239065929153823
0.0012254318627259817
0.001759455805088387
0.0017860285814928357
0.0015046874727266343
0.0021823747124399954
0.001465559346212891
0.0016620516144768894
0.0023206300957437733
0.0018609767126984548
0.0024075258728513843
0.0014435067458180653
0.0024669063780808458
0.0014686914943499536
0.0017618591516386636
0.0017204245001086274
0.0008775025777598509
0.0009314498995701417
0.0011202905309755443
0.0010230353972661584
0.00141833491206244
0.0010651724119053268
0.0013917622873558435
0.0016613355848132906
0.0012565205006521917
0.001908920969335242
0.0009420389227767712
0.0005285944751798173
0.0010988730234446375
0.0012949497007905238
0.0007917519443704868
0.000997110877151584
0.001312906157552958
0.0009302772258690979
0.0007532841745966486
0.0012961876080428078
0.0009868086495446193
0.0007371531790423301
0.0008032261069198631
0.001181845087545573
0.0004381591291137146
0.000729475234948624
0.0003196852678483606
0.0010783000993083048
0.00100030100066133
0.0003333877817906408
0.0010998643318220216
0.0007029323722634313
0.0005224794324300337
0.0007625701683821023
0.0010992437814233281
0.000472239504915025
0.0008630129715830779
0.0007646311389429226
0.000307412272632523
0.0007791324893132318
0.0010521908624575858
0.0009987999321986968
0.0007590464518682585
0.0006495606939471776
0.0003971912546875522
0.00048269732550325985
0.002120036881841318
0.0010519814595239096
0.0007192137335078282
0.0009276439963450329
0.0006324405741620618
0.0007955419105768158
0.000893358613058564
0.000791708148623631
0.0007562067234382552
0.00037306488275653973
0.0010348502236977107
0.0005934409409897903
0.0005211929968582796
0.0006588117571327526
0.0007710876309759937
0.0003047125528434371
0.0006011619503627563
0.001056718424178352
0.0001415585851601153
0.00019820388929605405
0.0005011973466973872
0.00038787225010918514
0.0006195611768020415
0.0004983955204461536
0.0006546127706474687
0.0004362228321030628
0.00030763090170912743
8.674960464091353e-05
0.0005858498326884227
0.0002859272228978114
0.00016775095313238485
0.000613954150210147
0.0006013627681349338
0.0003485444968973224
0.001016342509614756
0.00027154439436038655
0.0005034415464496643
0.00023536022577811755
0.0006652287612064813
0.000806118610687435
0.00018724576029924565
0.00015607801198217784
0.000357674168020929
0.0001553846580621343
0.00015514154048718387
0.00048324578917782415
7.045435895464091e-05
6.777063184730592e-05
0.00029161597430954256
0.000154066114694273
9.165027937572922e-05
0.00026234807728030106
4.02293065266015e-05
0.00010229798160881787
0.0007456910211511461
