46.723404255319146
62.45106382978724
70.53829787234042
80.02978723404256
86.86382978723404
90.4531914893617
96.0
96.62340425531914
97.31489361702128
98.6659574468085
98.68936170212766
99.31914893617021
99.22553191489362
99.33191489361703
98.99148936170212
99.28297872340426
99.60425531914893
99.38723404255319
99.21702127659574
99.79148936170213
99.74893617021277
99.45744680851064
99.65531914893617
99.88936170212766
99.71702127659574
99.7
99.78936170212766
99.69574468085106
99.87021276595745
99.7404255319149
99.6404255319149
99.8468085106383
99.91276595744681
99.70212765957447
99.87872340425533
99.84893617021277
99.80212765957447
99.92127659574469
99.8340425531915
99.85106382978724
99.92978723404255
99.78936170212766
99.77659574468085
99.94468085106384
99.96170212765958
99.78510638297873
99.95744680851064
99.99148936170212
99.57234042553192
99.97234042553191
99.87659574468086
99.84042553191489
99.92127659574469
99.93829787234043
99.78297872340426
99.92553191489361
99.92340425531916
99.92340425531916
99.91702127659575
99.89148936170213
99.8340425531915
99.98936170212765
99.83617021276596
99.90851063829787
99.95531914893617
99.96808510638297
99.87659574468086
99.87659574468086
99.97021276595744
99.93617021276596
99.87659574468086
99.91702127659575
99.96808510638297
99.92340425531916
99.9531914893617
99.94680851063829
99.9531914893617
99.96595744680852
99.72553191489362
99.86170212765957
99.98297872340426
99.9404255319149
99.95957446808511
99.95957446808511
99.96170212765958
99.96382978723405
99.95957446808511
99.99148936170212
99.93829787234043
99.91914893617022
99.96170212765958
99.98936170212765
99.95106382978723
99.94468085106384
99.9531914893617
99.98085106382979
99.9404255319149
99.98085106382979
99.94893617021276
99.77021276595745
