1.8804660439491272
1.1231551390886307
0.7993039727210999
0.6013749539852142
0.4234673061966896
0.2676972967386246
0.16842680022120476
0.10000841926783323
0.07268732832744718
0.04986528363078833
0.04232650620862841
0.035893184086307886
0.03105614232365042
0.029140052637085318
0.026396782896481456
0.026264279969036578
0.022559479482006282
0.016868674353463575
0.016979504160117356
0.014356706694234162
0.018726408446673302
0.01612435204675421
0.013837028723792173
0.011435260062571615
0.01184655463322997
0.011093181055039168
0.011180697610252538
0.01216120169206988
0.008764315606676974
0.011210331951733678
0.00835911789588863
0.01044519618153572
0.007384543660155032
0.007581660868017934
0.0081149697265937
0.010630181243177503
0.007803658213670133
0.006923319808556698
0.007550053013837896
0.009204191550961695
0.005346399264963111
0.009196214963885722
0.004798273629130562
0.004354372438428982
0.005050972599274246
0.007087132292654132
0.0031570508705772225
0.004821608602796914
0.006709042409784161
0.004485439835480065
0.0040475848914502425
0.003746622198232217
0.003829837962257443
0.0021289516985416412
0.002780313939874759
0.004138715692897676
0.005542015783212264
0.003125748387101339
0.0036477585951797662
0.002497643685492221
0.0042302802714402786
0.002574922683670593
0.003979541215157951
0.002105064106472128
0.006543762010987848
0.0016687652924883877
0.0022401049859035994
0.00391221021884121
0.0026458839829501812
0.003189177435488091
0.004355119729298167
0.003222444663042552
0.0016688326330586277
0.0037459929684337113
0.0020679234187082327
0.001224575014093716
0.003217075233114883
0.0031639628750781412
0.002554921796399867
0.003831159537912754
0.002911723772413097
0.0013835232261953934
0.0018213612178624317
0.002359120547407656
0.0012022574027378142
0.003914132366153353
0.0013695197721426667
0.002815425375029008
0.001904088978171785
0.0035574737631213793
0.0019019310906878673
0.0021828588704011056
0.002778340596569251
0.0013098755165447075
0.00332248564087422
0.0013295937008479086
0.0021145454822544705
0.001475814758546221
0.0009387789406173397
0.0012405483884140268
