2.1234837412834167
1.210292673110962
0.8582547211647034
0.6566328859329223
0.47162621200084687
0.3044615286588669
0.17888446569442748
0.10340101085603237
0.05982617437839508
0.0464267623052001
0.041117741856724024
0.02873607624322176
0.025511486968025566
0.027134952787309884
0.018885036930441856
0.022284027226269244
0.01795348983258009
0.01774437663145363
0.014636819013394415
0.015308285956270993
0.012155395806767047
0.020179950715973973
0.013404880603775381
0.008804031666368246
0.009368270793929696
0.011941759660840035
0.010629469829145819
0.009825418968684971
0.007676025233231485
0.01604906820692122
0.0065329465351533144
0.010832012249156833
0.004522502078907564
0.011312268790788949
0.007000056293327362
0.0065974609856493775
0.007033157867845148
0.005789244291372597
0.0038860909617505967
0.01125316762831062
0.003395388653734699
0.009664822623599321
0.008079771173652262
0.002426810734323226
0.0010525430602137931
0.010685539655387401
0.005118096031947061
0.0006577117524284404
0.013995994050055742
0.0026358950807480143
0.004161287985625677
0.005719795185141266
0.0024695115780923515
0.004536154333618469
0.006597015270963311
0.0032805283163907005
0.0020704274336458186
0.0036860880331369117
0.0034022002678830176
0.007053642278769985
0.0046375337685458365
0.0012138354980561416
0.006331899643409997
0.0054712447861675175
0.002414818300458137
0.0013327459113497754
0.003921524522884284
0.0036487840733025224
0.0012352871417533606
0.0014785855220543454
0.005738288096035831
0.0024088340054731817
0.0008857109976088396
0.005773043592344038
0.003855223143182229
0.0030104201103677043
0.0019897612257045692
0.0017583062443009112
0.001778676162357442
0.00235945676206029
0.0011862402631959413
0.0034001265287224667
0.004766786671825685
0.0019114041650027502
0.0033183434093371033
0.0008258325052884174
0.0038108461734373124
0.0007525700679252622
0.0030293261146289298
0.0034433300285309086
0.0012352921591809718
0.000788593953657255
0.0011504427578620379
0.0022657838833401913
0.002251155800477136
0.0010514998136932263
0.003556454563877196
0.0013965739999548532
0.0017975290333561134
0.002457367140232236
