3.630085825920105
1.8619923210144043
1.6134616470336913
1.4803103661537171
1.2985002899169922
1.2152703213691711
1.0369722831249237
0.9360280168056488
0.7998700797557831
0.6923348474502563
0.5776492708921432
0.42467261850833893
0.3080379194021225
0.2628335593640804
0.1783744652569294
0.13489973045885562
0.09718465052545071
0.08948470503091813
0.1027809339389205
0.08112232550978661
0.06581733580678702
0.058797465022653345
0.07336346920579671
0.039727712124586104
0.043281289339065554
0.06048167932778597
0.03403656171634793
0.028668757174164058
0.03900241039693356
0.026632013749331235
0.026578562296926976
0.02301515741273761
0.01711136183468625
0.0195435488037765
0.021568324188701807
0.022742775101214648
0.01003940791124478
0.017157918000593783
0.01786624194122851
0.020246330590453
0.01169625696260482
0.011643493287265301
0.014225908105727285
0.014314376029651611
0.011660379352979361
0.014694795713294297
0.0062799270951654764
0.01572144467383623
0.007155900547513738
0.01227035745512694
0.011080291075631975
0.008457895694300532
0.008071403837529943
0.008621132728876546
0.008670092872343958
0.009437611496541648
0.004393384407740087
0.006950548145687208
0.006912044286727905
0.005896328332601115
0.0045536184246884655
0.005329614870424848
0.006417724164784886
0.007699113880516961
0.006329506615875289
0.005846612988971173
0.0032467306149192156
0.000633060628460953
0.00946175994235091
0.0044020885389181785
0.004698817151365802
0.0017010571901118965
0.005271586069429759
0.0021700241027429
0.002560330736450851
0.0006067568014987046
0.0033646683662664147
0.0009271028669172666
0.006243502361867286
0.00208438278423273
0.0013057453295732557
0.004922922750920406
0.0015769471004023216
0.00029861882472687285
0.002216564705122437
0.0027855393274512606
0.0003260748870889074
5.612445405859035e-05
5.980051712413115e-06
3.664900336843857e-06
2.3601982650234275e-06
1.550277660271604e-06
9.438628774205426e-07
5.875739225302823e-07
3.4939117341536987e-07
2.0729708310796014e-07
1.2380948923862434e-07
7.59398416505519e-08
4.4675460806331554e-08
2.7734759910913455e-08
