6.847198276519776
3.8997699785232545
2.24631890296936
2.188381938934326
2.150191459655762
2.1103313827514647
2.0744222927093507
2.0502425456047058
2.0242183232307434
1.9924475765228271
1.9690575337409972
1.9325204968452454
1.900883572101593
1.8846568250656128
1.8656756114959716
1.8305198931694031
1.810919737815857
1.8032674312591552
1.7970897364616394
1.7747032141685486
1.7562369346618651
1.7387244176864625
1.726330990791321
1.7171028804779054
1.7027321529388428
1.6918188953399658
1.6742770600318908
1.6666555190086365
1.658905167579651
1.6405338144302368
1.6421597623825073
1.6245199871063232
1.6054427075386046
1.61358802318573
1.6142170000076295
1.5910546588897705
1.5885761380195618
1.577797441482544
1.5762502288818359
1.575419056415558
1.5641051459312438
1.5583292722702027
1.5531116199493409
1.5460983324050903
1.5371319580078124
1.5364081835746766
1.5346447110176087
1.5216560769081116
1.5242780327796936
1.5228038573265075
1.519972882270813
1.5160355019569396
1.5046867251396179
1.506330258846283
1.5000660419464111
1.4902136945724487
1.500637469291687
1.4834222960472108
1.4841594529151916
1.4817715167999268
1.4789203882217408
1.4704471802711487
1.4673509883880616
1.464852602481842
1.4687024807929994
1.4709696340560914
1.4692180776596069
1.4589074325561524
1.4615435767173768
1.4517459535598756
1.451281599998474
1.4533818912506105
1.45359060049057
1.4521624159812927
1.4471033430099487
1.4395922541618347
1.443048677444458
1.4451569724082947
1.4385717606544495
1.4344475269317627
1.4360819268226623
1.4372274136543275
1.4332515072822571
1.4283703351020813
1.4287475967407226
1.4287433338165283
1.4252516007423401
1.424929530620575
1.4335408878326417
1.4287315607070923
1.4245021963119506
1.422318685054779
1.425751965045929
1.42224942445755
1.4162419486045836
1.4059261631965638
1.4113029408454896
1.414239821434021
1.4180801963806153
1.41530339717865
