30.048
40.412
42.952
48.606
50.414
54.094
54.974
58.896
60.016
60.64
62.532
64.04
63.184
66.238
67.638
67.326
68.806
68.3
69.916
70.524
71.208
72.216
72.72
73.274
74.632
73.788
74.706
76.754
76.32
76.996
78.17
78.806
78.772
78.844
79.92
80.526
81.856
81.106
80.274
82.964
83.074
83.048
84.326
84.214
84.932
84.718
85.652
86.192
86.516
87.688
85.622
89.416
88.65
87.574
88.482
89.514
89.958
90.472
91.602
91.498
92.228
92.558
93.524
92.704
92.894
94.298
92.65
94.288
94.208
95.238
95.782
95.944
96.728
95.568
96.85
97.452
96.48
97.388
97.62
97.54
97.92
98.358
98.148
97.656
98.688
98.846
98.268
98.918
99.056
98.866
99.392
99.35
99.51
99.436
99.464
99.52
99.592
99.688
99.624
99.726
