1.84
12.56
15.462
16.062
21.784
22.966
25.384
26.842
29.894
28.82
29.714
32.266
31.594
31.496
33.114
32.302
34.792
34.824
36.044
36.038
37.314
38.562
36.534
37.536
38.096
39.084
39.718
39.462
39.506
38.326
41.744
41.494
41.686
40.816
41.388
42.562
42.94
43.404
42.756
43.156
43.636
43.858
44.31
44.344
44.774
44.404
44.868
45.11
45.386
45.156
45.512
45.632
45.826
45.976
45.628
45.676
45.812
46.42
46.11
46.63
46.838
46.392
46.994
46.932
47.014
47.136
47.278
47.336
47.676
47.556
47.624
47.51
47.362
47.656
48.052
47.616
47.976
48.21
48.356
48.508
48.252
48.438
48.426
48.32
48.6
48.406
48.796
48.736
48.768
48.812
48.938
48.818
49.118
49.044
49.014
49.044
49.082
49.198
49.258
49.292
