2.591709207653999
1.7287686107158662
1.5771384534835815
1.4802445796132089
1.3946758089065552
1.3302764105200768
1.2629456448554992
1.2105320899486542
1.1624228304624558
1.1244419992566108
1.0859346083402635
1.0468766559362412
1.0119858927726746
0.9920222608745098
0.9685934043526649
0.9404461107552051
0.9078592690825462
0.8888210982382297
0.8728732849955558
0.8441392266452312
0.828160212367773
0.8104058878421784
0.7973419536054135
0.7754500119388104
0.758857963681221
0.7349682232588529
0.7215586799681186
0.7088023580312729
0.6900655350387096
0.6738632021695375
0.6619514286220074
0.6413345318883658
0.6254651663899422
0.6169756826609373
0.5966385498344898
0.5863936747610569
0.5653199091404676
0.55444969214499
0.535679096236825
0.5302652218937873
0.5219209441840649
0.49213890205323696
0.4881286066100001
0.474156669229269
0.4601910225301981
0.4514733074679971
0.43175722964853047
0.4212247590944171
0.4086267204657197
0.3963010378852487
0.38681558063626287
0.37296638058125975
0.3559914473071694
0.35011809258162974
0.34027011308446525
0.3315935277789831
0.3091506505385041
0.30001743979752066
0.29223768550902607
0.2813221150934696
0.27553317303955555
0.2572924623712897
0.24883606929704546
0.2388908542022109
0.2285206046588719
0.22060723320022224
0.20711977353692054
0.20053710888139903
0.1924686089195311
0.18219411955401302
0.17817044364288448
0.16054503322765232
0.15754861276969315
0.15157417749613525
0.14237847206555307
0.14018844807520509
0.12790367776341735
0.11846958583965897
0.11517295369319618
0.1100862260721624
0.10506316315755249
0.09519128220994025
0.09076083102542908
0.08765845937468111
0.08179287727642805
0.07821024048142135
0.07021371342102066
0.06796026525553316
0.06400320306513459
0.06174637970980257
0.05972264487529173
0.05372717522643507
0.05136446825880557
0.04790854353364557
0.04673921389039606
0.04455679365713149
0.040795742388814685
0.03930399120459333
0.03693788739526644
0.03616375631769188
