1.8721500772237778
1.1997396581172943
0.9651364308893681
0.8041221887767315
0.6868290926516056
0.5790794713646173
0.47100516483187677
0.37734935573115946
0.32356695253401996
0.27969749065116045
0.25560939725954085
0.19945616754051299
0.1762072949432768
0.16216715723834932
0.16326948982849718
0.13418360338860658
0.1113155832394259
0.10006438658444676
0.10312712493736763
0.10000659161745716
0.1151738544255204
0.0741489199521311
0.066672167069235
0.07517396917378938
0.06948377171764514
0.0658401045028295
0.05761755751844612
0.05478731488702215
0.04807849082022221
0.057414828044958996
0.06025916656713707
0.04256045061901295
0.04083055882610961
0.043358718289499845
0.03849389191378191
0.03634678620072691
0.029894567511479637
0.031838772603690356
0.03308500620378564
0.04066484592762436
0.032833315400186164
0.023834673287579107
0.026031330334009225
0.0240033169335004
0.19573439206743976
0.022497325173971874
0.01908869272494556
0.02226967827283323
0.02114351804642996
0.024008711484457195
0.017531679450453183
0.01612795405190208
0.016455968744403464
0.014767194630420392
0.014640005318187264
0.017649259654183253
0.013012327140947348
0.012898406067924416
0.015114010832518598
0.013530234587330837
0.011664607584884308
0.012058251988968935
0.009119751624942798
0.017908285656933712
0.008244845159683975
0.027177486827236454
0.008796158328472938
0.012493350070060555
0.008821268617193049
0.012978781212698437
0.008216230528343289
0.012335792705544243
0.04233255967127213
0.14524011756757602
0.007771209154336823
0.008891687333218759
0.0032656748079663077
0.009867787402091075
0.011057588554442367
0.04670635029938189
0.007150910389030624
0.005081213673675744
0.004587709332164112
0.005372165535263041
0.012431952225138463
0.004206960615068081
0.0058831721781811164
0.004146766864827489
0.0027239946405779305
0.004475227877289031
0.004501014033842031
0.002301835722587343
0.005392609670662313
0.004353865204375734
0.0031795834402282962
0.002845602004166066
0.0009334648301468271
0.003018756761634925
0.0018271231808257892
0.0012121406794820945
