45.69
63.534
70.872
75.956
80.454
80.074
89.634
89.294
91.15
92.464
94.656
93.678
95.986
95.556
95.448
96.448
96.362
98.184
98.106
97.66
98.018
97.87
97.274
98.444
98.306
97.586
99.042
99.016
98.482
98.654
99.074
99.094
99.372
99.264
99.234
98.904
99.454
98.99
99.15
99.474
99.312
99.174
99.702
98.286
99.846
99.616
99.676
99.526
99.184
99.224
99.478
99.728
99.768
99.64
99.814
99.68
99.704
99.58
99.642
99.28
99.704
99.684
99.862
99.82
99.58
99.798
99.598
99.932
99.8
99.832
99.858
99.806
99.396
99.894
99.85
99.914
99.982
99.884
99.918
99.908
99.936
99.918
99.896
99.944
99.982
99.94
99.962
99.98
99.768
99.964
99.928
99.974
99.954
99.98
99.93
99.974
99.964
99.944
99.992
99.97
