20.384
38.856
42.368
53.236
54.958
61.46
60.908
73.68
75.858
82.082
83.508
89.826
90.03
83.466
94.894
97.328
97.724
98.656
98.262
95.736
98.626
98.714
97.372
99.138
98.906
99.256
98.956
98.766
98.848
98.904
99.134
99.54
99.514
99.272
99.06
98.34
99.66
99.604
99.62
99.43
99.63
99.584
99.768
99.386
99.734
99.196
99.542
99.616
99.696
99.654
99.67
99.874
99.856
99.878
99.552
99.846
99.968
99.844
99.832
99.89
99.924
99.882
99.898
99.886
99.874
99.848
99.968
99.982
99.888
99.918
99.936
99.934
99.82
99.88
99.966
99.984
99.96
99.994
99.87
99.948
99.96
99.876
99.986
99.996
99.926
99.942
100.0
100.0
100.0
100.0
100.0
100.0
100.0
100.0
100.0
100.0
100.0
100.0
100.0
100.0
