2.3823614336252215
1.5341400876045228
1.369686021745205
1.2707949533462524
1.2105438222289084
1.1548354014754296
1.0990488308668136
1.054568131148815
1.0114418821334838
0.9794148207306862
0.9401409162580967
0.9068875490427017
0.8799096920192242
0.8585816197693348
0.8338243353664875
0.797266533523798
0.7819897229373455
0.7564230213165283
0.7304318057000637
0.7123376416563988
0.6936586617827415
0.6614993784725666
0.6597736185491085
0.6234076494574546
0.6029194121062755
0.5854453829079866
0.5580942009985447
0.549844935938716
0.529875086247921
0.5220557653009892
0.5055371472984552
0.4811080715954304
0.47865963539481166
0.4596199819892645
0.43456321500241757
0.43455015997588636
0.41527014688402414
0.4071127619594336
0.39375503128767014
0.37658036953955887
0.37102606578171254
0.35989878138154746
0.3392284078225493
0.33700974321365357
0.32035405857115984
0.3129443219974637
0.30626303046941755
0.2969100616425276
0.2940816075578332
0.2823521662801504
0.2739285438992083
0.2676832334920764
0.2650513184480369
0.2570787401162088
0.23988315255567433
0.23827970841899515
0.23349980406090617
0.22793151052296162
0.217711808886379
0.21395523371174932
0.21071311552077532
0.20360368168726564
0.2016872719489038
0.1950362424366176
0.1865538048259914
0.1843276363965124
0.1812440511472523
0.17848580444976686
0.17069372908771038
0.16686874498799442
0.16649207352288067
0.16284473377279937
0.1615866389926523
0.15722202013805509
0.14993339120596647
0.1526891641691327
0.14584525237604976
0.14505399031937122
0.14276109145395458
0.13942271755263208
0.14205112525913866
0.133658556278795
0.13473202833533288
0.13106475004833193
0.12542637795209885
0.1289139219801873
0.12035671956371516
0.11829650209564715
0.11732584968488663
0.11385836036503315
0.11897292741201818
0.11254606376122683
0.11476119605824352
0.1058489952404052
0.10881228531431407
0.10828040183894336
0.10705838376935571
0.10216545927152038
0.10123592553287744
0.10184664313402027
