39.56
48.036
52.598
56.39
58.32
60.666
62.2
64.002
65.392
66.492
67.638
69.276
70.168
70.95
71.828
73.002
73.57
74.79
75.45
76.326
77.36
78.2
78.92
79.26
80.234
80.682
81.444
82.234
82.358
83.302
84.036
84.626
84.944
85.436
86.068
86.428
87.006
87.572
87.884
88.234
88.786
88.932
89.474
89.698
89.94
90.262
90.362
90.942
91.442
91.424
91.684
92.214
92.26
92.64
92.774
93.06
93.214
93.336
93.444
93.734
94.002
94.254
94.24
94.494
94.624
94.642
94.742
95.106
95.076
95.264
95.19
95.36
95.508
95.674
95.618
95.702
95.77
95.838
96.128
96.106
96.246
96.37
96.332
96.518
96.522
96.524
96.566
96.488
96.512
96.87
96.934
96.826
96.912
96.9
97.078
96.958
97.048
97.218
97.15
96.956
