2.152468864917755
1.2213809633255004
0.8460373628139496
0.6364696836471557
0.45244715332984925
0.2964675083756447
0.17414085298776627
0.09543118394911289
0.06787766002118588
0.04522659882903099
0.03512113144621253
0.04004117857664823
0.028807271216064693
0.024085593819618226
0.01847554385662079
0.02935684540309012
0.015233266050927341
0.02970876019448042
0.013639506800100207
0.01725361487828195
0.012914102538488806
0.014680707603693008
0.01162805235479027
0.010808980353176593
0.013756633587181568
0.00900575501844287
0.007907571054529399
0.013773492430336773
0.008321847170591354
0.010337915108539163
0.009334975853562355
0.0075135620462242515
0.007700138868531212
0.005761674208333716
0.005558857521973551
0.011438744735205546
0.0049188514496199785
0.0030367163129267284
0.0072573202010244135
0.007679494061740115
0.004021839261986316
0.006817486081272364
0.010430007965187543
0.0009821827258565464
0.011681513029616326
0.0020270192410680467
0.0021886453669867478
0.009049608972854912
0.0022672540199710055
0.005940443892031908
0.002831232282333076
0.0060378839238546785
0.004236094013322145
0.004103131751762703
0.004144507024320774
0.0019425136665813625
0.003763439659960568
0.0037249806959880516
0.004588636234402656
0.001884610734996386
0.001125891501578735
0.0038710607012035327
0.003708219831169117
0.0020381921948865057
0.004457463140133768
0.0031651416723616423
0.002670150022604503
0.003377365980995819
0.0015389000908180605
0.004726013299950864
0.0016292648938542697
0.002268912571016699
0.0038550288090482355
0.0020798086865397637
0.0017465886528952978
0.006069069292861968
0.0028743691318959463
0.0016661532393482047
0.0013969337350863498
0.003264398196042748
0.0012648832269042032
0.002093244889838388
0.0024999232855043374
0.0024507424372131937
0.0006089262181922095
0.0029317788634216414
0.0012673429230926558
0.0007477203438611468
0.0004914709283912089
0.006974030794808641
0.0010944005728379125
0.0013745836865564343
0.005844270989764482
0.0018360322061926127
0.00025615333681344054
0.0022454368355101905
0.0014075327412137995
0.002089395600341959
0.0011173718907230069
0.002735940342536196
