12.186
26.416
31.528
34.148
36.216
37.648
38.71
39.614
40.582
41.192
41.844
42.324
42.764
43.426
43.732
44.152
44.566
45.068
45.3
45.586
45.968
46.204
46.528
46.612
47.098
47.294
47.614
47.846
48.116
48.376
48.4
48.768
48.756
49.182
49.432
49.678
49.738
49.856
49.98
50.174
50.37
50.568
50.574
50.894
51.122
51.232
51.354
51.674
51.606
51.932
52.02
52.122
52.284
52.46
52.576
52.748
52.884
52.974
52.954
53.206
53.42
53.434
53.608
53.818
53.824
53.984
54.156
54.344
54.186
54.354
54.374
54.628
54.708
54.906
54.982
54.938
55.264
55.31
55.574
55.54
55.496
55.688
55.752
55.934
56.036
56.116
56.19
56.218
56.406
56.466
56.536
56.628
56.784
56.82
56.94
56.838
57.138
57.086
57.296
57.362
