58.454
69.562
76.92
82.25
87.636
90.418
93.516
94.4
96.816
97.246
97.994
98.398
98.388
98.58
98.686
98.79
98.882
98.922
99.328
99.326
99.242
99.24
99.35
99.47
99.458
99.412
99.56
99.54
99.666
99.488
99.572
99.568
99.722
99.796
99.672
99.654
99.796
99.68
99.708
99.806
99.74
99.824
99.736
99.744
99.714
99.802
99.788
99.894
99.794
99.682
99.838
99.882
99.85
99.81
99.876
99.828
99.83
99.86
99.842
99.822
99.842
99.874
99.858
99.86
99.926
99.87
99.91
99.802
99.87
99.902
99.93
99.918
99.856
99.85
99.938
99.916
99.912
99.87
99.918
99.906
99.872
99.888
99.912
99.884
99.898
99.896
99.92
99.918
99.944
99.898
99.936
99.916
99.928
99.948
99.964
99.946
99.962
99.952
99.95
99.944
