47.976
63.216
71.68
80.588
88.126
90.8
95.17
97.648
97.888
98.85
98.906
99.284
98.974
99.354
99.25
99.26
99.102
99.718
99.174
99.606
99.616
99.692
99.618
99.784
99.75
99.708
99.77
99.76
99.73
99.722
99.792
99.712
99.682
99.874
99.854
99.896
99.844
99.884
99.888
99.28
99.96
99.904
99.774
99.772
99.886
99.878
99.85
99.942
99.646
99.92
99.868
99.89
99.962
99.962
99.866
99.978
99.928
99.868
99.942
99.832
99.958
99.832
99.888
99.958
99.984
99.822
99.972
99.97
99.902
99.924
99.984
99.892
99.866
99.98
99.852
99.958
99.908
99.964
99.964
99.98
99.97
99.98
99.936
99.886
99.946
99.906
99.984
99.934
99.94
99.928
99.974
99.992
99.832
99.98
99.956
99.904
99.986
99.992
99.916
99.964
