1.580957641005516
1.0311238189041614
0.7467286095917225
0.5853725683987141
0.45205582332611083
0.3411974602416158
0.25080991923250257
0.17938137376029045
0.13168712963396684
0.1001452669450082
0.07990956934681162
0.06454287299251882
0.05447372946684482
0.0471868094757956
0.04167394542958937
0.0371355402213303
0.03704686720021709
0.03016058981261267
0.02714245753460273
0.025606786452335654
0.023513173409381125
0.021218384021471137
0.020346001550658913
0.019542729979631985
0.018585285689796366
0.01610022823959116
0.013927240263736167
0.013436054812171278
0.015202362411057947
0.012847320057743673
0.013399218013950758
0.01142900890890769
0.01209097272623876
0.010866917017859122
0.01052619780415398
0.009788314894406085
0.010113464896735196
0.011298731708962804
0.00760524128463112
0.009090355040947259
0.007636661051502411
0.00779737681344136
0.00797507762908765
0.007616951144441714
0.00758946866310032
0.0056253804432377305
0.00792431018764637
0.005891518212836672
0.006235533815260851
0.006160426327676077
0.005752634113648241
0.005375860008494272
0.006385340206982328
0.006705307630825814
0.006312351217649393
0.004457654447239264
0.00586296999167648
0.004512027191528354
0.0052401257161489795
0.006483715844891804
0.005430712259619498
0.004023603070690015
0.003694065727995966
0.00421394488139784
0.005213692154474636
0.004796681172232367
0.004222853697800154
0.004715775833381172
0.004885263956262499
0.0031082296961603573
0.003869484896264985
0.0027887183256624032
0.004833564337321393
0.004000749517939776
0.0043922957667896015
0.0023123765796360567
0.002863065930553404
0.00307430604086931
0.0038831058120605234
0.004047949762515691
0.004124322713537761
0.003961765865963286
0.0035066915859409842
0.003016476496142116
0.004551630658821818
0.002435253140098961
0.003467838222033553
0.003461551181754536
0.004624141409353441
0.0027075811720828264
0.003000107504416004
0.0020124687659350024
0.0026880701276624556
0.002251014009206833
0.002534258099880016
0.0015461402172286117
0.002639538682806282
0.002420866579347305
0.0015988680088098
0.003124469824167736
