6.493316593170166
3.4086946725845335
2.3349858713150025
2.0659184885025024
1.9507659196853637
1.8736436772346496
1.81686105966568
1.7823098826408386
1.747795147895813
1.7065448403358459
1.6957131600379944
1.6693294382095336
1.655660672187805
1.636663293838501
1.6259631705284119
1.6155454206466675
1.5930068564414979
1.592255744934082
1.571409342288971
1.565326111316681
1.5544779443740844
1.540491054058075
1.5413493943214416
1.5325485229492188
1.508470413684845
1.5068514966964721
1.4972582125663758
1.49022207736969
1.481134524345398
1.4895249009132385
1.476282272338867
1.4611866998672485
1.4491174173355104
1.4634415888786316
1.4499136233329772
1.4462873983383178
1.439898555278778
1.435359857082367
1.4284017181396484
1.4197497129440309
1.418903489112854
1.4152231121063232
1.4054890823364259
1.3966058659553529
1.3984805631637574
1.391666510105133
1.3901784896850586
1.3756346321105957
1.3861310362815857
1.374092230796814
1.37272047996521
1.3682121014595032
1.3729031705856323
1.368068926334381
1.3600353240966796
1.356690170764923
1.3457762622833251
1.3533204555511475
1.3375516247749328
1.3355133867263793
1.3316727590560913
1.3298240113258362
1.3236814141273499
1.326838138103485
1.3246450448036193
1.3218681764602662
1.313568332195282
1.3104001903533935
1.3104895901679994
1.308674337863922
1.2999394392967225
1.3017502570152282
1.3011286902427672
1.2968026995658875
1.2912914991378783
1.2929030537605286
1.2910005402565004
1.2810170435905457
1.2838501930236816
1.2853231883049012
1.2799195098876952
1.2711445331573485
1.2811679649353027
1.2714829349517822
1.2697951006889343
1.2698142290115357
1.2637067937850952
1.2625598549842834
1.2564540266990663
1.2554276990890503
1.2553298139572144
1.2492700147628784
1.245964639186859
1.2494100975990294
1.2443443584442138
1.2434498476982117
1.2390718507766723
1.2318259835243226
1.241488242149353
1.2396584630012513
