46.270212765957446
62.58297872340425
72.96170212765958
79.6404255319149
86.22765957446809
91.71063829787234
94.34468085106383
96.3468085106383
97.44255319148937
98.2468085106383
97.7872340425532
97.91063829787234
98.16170212765958
98.78085106382979
99.01702127659574
99.23404255319149
99.04893617021277
99.1063829787234
98.30851063829788
99.43617021276596
99.26170212765958
98.01489361702127
99.47234042553191
99.51063829787235
99.2595744680851
99.50638297872341
99.31276595744681
99.61702127659575
99.27659574468085
99.65744680851064
99.31914893617021
99.38723404255319
99.47021276595744
99.73404255319149
99.62553191489361
99.54893617021277
99.7404255319149
99.65531914893617
99.71489361702127
99.58723404255319
99.74255319148936
99.77021276595745
98.78297872340426
99.80851063829788
99.90212765957448
99.62127659574467
99.48085106382979
99.79361702127659
99.55106382978724
99.42127659574469
99.50638297872341
99.65744680851064
99.8063829787234
99.78085106382979
99.76595744680851
99.76595744680851
99.76170212765958
99.82765957446809
99.89787234042554
98.98085106382979
99.57021276595745
99.91276595744681
99.76170212765958
99.7127659574468
99.79787234042553
99.59574468085107
99.8468085106383
99.82340425531915
99.78510638297873
99.71914893617021
99.89148936170213
99.87659574468086
99.78510638297873
99.82765957446809
99.73191489361702
99.87446808510639
99.82340425531915
99.85531914893618
99.63617021276596
99.64893617021276
99.82765957446809
99.79787234042553
99.75531914893617
99.8595744680851
99.8340425531915
99.8468085106383
99.90851063829787
99.77021276595745
99.87659574468086
98.94893617021276
99.81276595744681
99.88510638297872
99.92340425531916
99.80425531914894
99.75744680851064
99.7872340425532
99.7468085106383
99.81276595744681
99.83829787234042
99.79361702127659
