6.695588827133179
2.2853941106796265
2.17848464012146
2.1257532835006714
2.0907191324234007
2.0634513235092165
2.0400649166107176
2.0244331336021424
2.009949939250946
1.9966714930534364
1.9757498240470885
1.963687252998352
1.9539338612556458
1.9447844076156615
1.9349969601631165
1.9166694808006286
1.9121673154830932
1.9018793106079102
1.895562505722046
1.879994044303894
1.870706889629364
1.8657342290878296
1.8617794346809386
1.8495652985572815
1.8514467930793763
1.8417165780067444
1.8374023675918578
1.83356214761734
1.8265866613388062
1.8140284419059753
1.816141209602356
1.8026991319656371
1.80333420753479
1.802972011566162
1.796904227733612
1.7872886991500854
1.7887738609313966
1.7783171033859253
1.7791765475273131
1.7748996996879578
1.7660729217529296
1.7630040550231934
1.769775195121765
1.754451732635498
1.7495323252677917
1.7501429080963136
1.7370133638381957
1.7370129871368407
1.731454882621765
1.7351828742027282
1.7315406942367553
1.7264028692245483
1.7199068093299865
1.7121013712882995
1.7126135897636414
1.7113833785057069
1.700617322921753
1.703444242477417
1.6939058351516723
1.6935293936729432
1.6941026282310485
1.6946062970161437
1.6841079688072205
1.6879221892356873
1.6767645001411438
1.6793186783790588
1.673574275970459
1.6687431836128235
1.670897934436798
1.6625183725357056
1.6642429685592652
1.652393057346344
1.650616204738617
1.6540807008743286
1.647898473739624
1.6464102101325988
1.6361491203308105
1.636574409008026
1.6382532954216003
1.6381433200836182
1.6349034261703492
1.6331866359710694
1.6283244395256042
1.6254623699188233
1.6287230777740478
1.6247823357582092
1.6218692231178284
1.6188049459457396
1.6147264575958251
1.6150547981262207
1.6157130980491639
1.6084568977355957
1.607141020298004
1.6090973758697509
1.605828332901001
1.6015144348144532
1.6019764685630797
1.593412160873413
1.594061210155487
1.5946572828292847
