11.302127659574468
15.846808510638297
22.606382978723403
24.104255319148937
24.068085106382977
25.517021276595745
27.851063829787233
28.64468085106383
29.323404255319147
28.7
29.32127659574468
31.02340425531915
31.580851063829787
31.153191489361703
31.393617021276597
31.82127659574468
32.9531914893617
31.865957446808512
33.00212765957447
33.49148936170213
32.734042553191486
33.82340425531915
34.18723404255319
34.03829787234042
34.81276595744681
34.85744680851064
34.817021276595746
34.874468085106386
34.738297872340425
34.91702127659575
34.782978723404256
34.90851063829787
35.4531914893617
36.11489361702127
36.08085106382979
35.84255319148936
36.52127659574468
36.61914893617021
36.329787234042556
36.48297872340426
36.680851063829785
36.49148936170213
36.98085106382979
37.11702127659574
37.2
37.729787234042554
37.52978723404255
37.60425531914893
38.35744680851064
37.34255319148936
38.31276595744681
38.39574468085107
38.08723404255319
38.761702127659575
38.768085106382976
39.11914893617021
38.92340425531915
38.148936170212764
39.41063829787234
39.11914893617021
39.10851063829787
39.18723404255319
39.3
39.740425531914894
39.84893617021277
39.52127659574468
39.327659574468086
39.43829787234043
40.31063829787234
39.84893617021277
39.97659574468085
40.42765957446809
40.751063829787235
40.748936170212765
40.90212765957447
40.861702127659576
41.01276595744681
40.693617021276594
41.229787234042554
41.317021276595746
41.293617021276596
41.43191489361702
41.41702127659575
41.31276595744681
40.8936170212766
41.363829787234046
41.725531914893615
41.772340425531915
41.38510638297873
41.244680851063826
41.814893617021276
41.64042553191489
42.27872340425532
42.36595744680851
41.63191489361702
42.37021276595745
42.4
42.18936170212766
42.09148936170213
42.19787234042553
