1.9731223356723786
1.5202328141331674
.2346823407411576
1.1636816647052766
0.928035188794136
0.9093878589868546
0.7215086688548327
0.7526288617402315
0.5667889988049865
0.606437836818397
0.45560702838003636
0.4756928015816957
0.3416864050342701
0.3740344642372802
0.2502915381512139
0.2925912736756727
0.2177555852299556
0.22486575870902742
0.16707110855798238
0.18169025384873386
0.13889346008512074
0.1538168671038584
0.1247449242498551
0.13288583994878717
0.1039372985545051
0.10282067272071435
0.09001050186872817
0.09610473553197517
0.07952131885560403
0.08663510075774321
0.06665557835731033
0.08718683970197436
0.06466372713162695
0.09250564821140415
0.06512928404686
0.07322993670335927
0.058432414103757054
0.05736404602142193
0.04888570232707531
0.07928804107610495
0.0486195979197596
0.803215839209656
0.0441951940383328
0.05014743836172056
0.044126594525887755
0.17671648208861962
0.043601498030468804
0.04454270336260771
0.05218310885603129
0.05627839679866327
0.047411575008326254
0.03895226075448575
0.028027742828835234
0.04552930426436117
0.03549646572836708
0.03319020283879888
0.05093388936335377
0.042674324163880756
0.03297324222963431
0.051802895321068514
0.03397077676209596
0.036508741676522974
0.03485088634524358
0.04472754276451809
0.036533967417989865
0.044047803601799
0.02611533698905805
0.05016371934285905
0.02693570815740846
0.03440559099291644
0.04709008375879504
0.03783639875158021
0.04159654705062205
0.0357175437570541
0.0397879692176135
0.03592547617216721
0.036638610702004956
0.038101436892248
0.029678587113554877
0.031061474653151316
0.028469122692765345
0.028285906246240465
0.03562959854795369
0.03544201745001369
0.03183313616626241
0.13528904319939222
0.03288079210435772
0.026223843076302256
0.03203001330905913
0.035890067809004396
0.03171923117115131
0.03085187267542113
0.03071619314247748
0.023961620802091972
0.026831916901271728
0.2903926291228273
0.03011239319522231
0.10284678740822649
0.023751529134347093
0.02916877966470261
0.020093530890363327
0.024560522349193273
0.023728775434388845
0.025762614578544004
0.019638287668492457
0.026011608966705995
0.022207396365337615
0.025342032162092916
0.02479350565872424
0.022626744406476006
0.02149123390385869
0.019398925188723937
0.029141577915435386
0.01883487107180787
0.02680812776195345
0.024636987011355745
0.023525789638708945
0.026979549457847578
0.019603653352349155
0.1390130883406651
0.020303405533819926
0.20312261647843663
0.04714082498096261
0.023568249694024726
0.018989202491064935
0.019198514534825253
0.01691494209996962
0.023144475813763964
0.020769264639770312
0.029403518588915278
0.026072871042484756
0.022322375879255382
0.027149111526943503
0.030492326892464686
0.019158697888224795
0.029456820446360853
0.02009337951161643
0.017131720892341853
0.024669905431221495
0.023044106992779333
0.016372293036049278
0.02325721543046494
0.025213205531539024
0.01965921064602968
0.015577697634417239
0.021363877964226775
0.022365031422190478
0.019086487757420653
0.013348666981513825
0.029822699093021255
0.011892358453220911
0.017190141927503993
0.01687144966284305
0.018764622110899964
0.014995386269726903
0.01770717948031361
0.01562111828687165
0.018039219447493253
0.015432984890760823
0.015270616343985575
0.01616873841329545
0.017672356240864665
0.01897669078785938
0.01814076448873458
0.015913826157308877
0.01458990679072691
0.0178731352091609
0.019007951260316104
0.017300712733641654
0.01708004062538057
0.01269602473283752
0.017981409601024304
0.03050790282159013
0.020727906576862777
0.01813169437206825
0.018739579445753614
0.022088332946805282
0.020432661626103427
0.019475370911769478
0.01575858970904364
0.013750035453366647
0.031525946461615995
0.01947490613763357
0.02272146225270696
0.016851744459078413
0.018222030569802733
0.016528164071117648
0.017831716521636908
0.018552373890669705
0.018646326767571858
0.03225118282370718
0.016133742987034645
0.016666550509540485
0.016467053855638434
0.017618276408266714
0.02209358807257253
0.015870445287152854
0.021908769781932173
0.011736417761242223
0.020460772536872767
