24.99787234042553
36.712765957446805
41.82340425531915
45.42340425531915
48.02127659574468
50.88085106382979
51.51914893617021
53.63191489361702
53.853191489361706
54.47659574468085
55.77872340425532
57.35531914893617
57.28936170212766
59.308510638297875
57.57659574468085
60.308510638297875
60.05531914893617
60.98510638297872
61.814893617021276
61.257446808510636
62.45744680851064
61.755319148936174
62.89787234042553
62.43404255319149
64.15744680851064
64.32553191489362
65.18510638297872
64.65106382978723
65.95106382978723
65.25531914893617
65.38936170212766
65.40851063829787
66.47234042553191
66.04255319148936
67.05744680851063
67.45744680851064
67.53404255319148
67.55319148936171
67.96808510638297
68.2531914893617
68.3340425531915
68.53617021276595
69.24893617021277
68.5468085106383
68.4531914893617
69.50212765957447
69.84893617021277
70.13829787234043
69.7404255319149
70.33829787234042
70.33617021276596
70.56595744680851
70.5936170212766
69.4872340425532
71.36595744680851
71.22765957446809
71.45744680851064
71.58510638297872
71.95106382978723
70.90425531914893
71.92978723404255
72.08510638297872
72.56595744680851
72.96382978723405
73.45106382978723
72.95957446808511
73.04042553191489
73.33829787234042
73.29787234042553
73.5
74.00212765957447
74.21489361702127
74.27659574468085
74.68085106382979
74.40851063829787
75.06382978723404
74.33829787234042
74.51063829787235
74.97659574468085
74.48510638297873
75.41489361702128
75.36808510638298
76.17446808510638
75.47659574468085
76.31276595744681
76.1468085106383
76.41702127659575
74.99148936170212
75.97234042553191
77.03404255319148
76.97872340425532
76.73617021276596
77.49148936170212
77.38297872340425
77.57234042553192
77.74468085106383
77.36382978723404
77.82553191489362
77.96382978723405
77.46382978723405
