2.8263761973381043
1.7354452836513519
1.374939147233963
1.1496657288074494
0.9544612461328507
0.7805695736408234
0.6356711021065712
0.46699558705091476
0.33189205661416055
0.22052170112729072
0.15302037723362447
0.10967378113418817
0.0719424476288259
0.06902424802072346
0.048695725528523325
0.037848042966797946
0.0327150027314201
0.028297000059392303
0.03626157514750958
0.0286820353846997
0.022054159257095307
0.025222484152764083
0.019760112499352545
0.018939532631775363
0.021980477101169526
0.019691876472788864
0.02250147342449054
0.007673109434836079
0.012182161998935044
0.015893351890263148
0.018525211553787814
0.013656204050639643
0.009128069981234149
0.011732580420793965
0.011690476013027364
0.008258827612444293
0.013528414709726348
0.0112061260844348
0.008473486600269097
0.009319136344420258
0.009067166180029744
0.007702262731763767
0.00907350190129364
0.007750233892002143
0.008876600482908543
0.007106736049463507
0.00529877394757932
0.0065897472373035275
0.00788315759418765
0.010198812907619868
0.004765257458057021
0.005067904066236224
0.004247416538128164
0.006554278045950923
0.007710223127578502
0.0018518347171266214
0.003550954523307155
0.0028049866692890645
0.0042951220527174885
0.0034086159813887205
0.008013018483761698
0.004860295059261261
0.007802906288998201
0.0082662813783827
0.0032830030472541694
0.007708587759516376
0.006878701561545313
0.0058648496211390014
0.0037006590735472857
0.0026079147676500727
0.0036188182049590976
0.003892873164877528
0.0014788186057558051
0.0026363952921565213
0.0032779713102354434
0.0044559291883342666
0.002514844859215373
0.00311986613362933
0.0037192141304331016
0.0016502483933254553
0.0018696505837215228
0.005992960685780417
0.0024054110211727676
0.005231072532733378
0.00202035534017341
0.0008562194459318562
0.0037968343555985482
0.004397355760338542
0.000672684185055914
0.00587152368570969
0.0016703626516527948
0.003960097748786211
0.0010055957798249437
0.00449586125479982
0.0026015540590196905
0.0013453762442622974
0.0021160769061680184
0.0018759986028817365
0.006787074037501953
0.0015530312066402985
