1.818730550467968
1.2069357623457908
0.8932919844985008
0.674694877743721
0.4938412386924028
0.3355720290839672
0.22726223480328916
0.16178109055571258
0.12700890419981442
0.09753617556591053
0.07950636987166945
0.06274803491734202
0.061945176925888516
0.060257106534423656
0.04305441219175555
0.04243949195451569
0.03914199004957482
0.03738752180027222
0.03588013450894505
0.027539878251399388
0.03225656225464991
0.029597900778264376
0.028650038501014934
0.025927575161997084
0.024757374930689593
0.02273027084039586
0.024111789376505384
0.020803939896317614
0.02444903010445438
0.022185749692408534
0.018534351098512047
0.019060621007119097
0.016573189797305987
0.022090122608863963
0.021537618912804646
0.01970329694486272
0.031298952090956025
0.020656991563069937
0.013993252556228096
0.014257997606917342
0.046283329805801
0.01921141517091187
0.02272311568159827
0.0165104475671708
0.30784680268495485
0.011884630397713553
0.035467169462555716
0.030641613781458844
0.014936116046234623
0.014886414599937382
0.015960380865460897
0.01687303100963502
0.016649829439428422
0.010981459081641849
0.011855113899634333
0.019528364498365876
0.01906175607988782
0.01620186536474214
0.019064362601162486
0.013774439975443564
0.01741295686938343
0.011811674465267536
0.015016146841392547
0.013062755315083252
0.012372139289106411
0.010316814368226243
0.014752371995190312
0.009684964788780519
0.009469774503149979
0.011157881711759089
0.013672438074595615
0.010195733140686317
0.009817988343271345
0.053666222700736066
0.009643981746398207
0.02574359737074928
0.011800483999658428
0.009690587529464579
0.013268899193678163
0.015707583954394037
0.01411006351832473
0.02020554782095335
0.027918983067349756
0.3133831890590537
0.012387595627154243
0.015355801881001026
0.006616639470347771
0.02069358451912538
0.03173277970899104
0.014243757784409394
0.010527647315144726
0.013926874822272155
0.025432550554314964
0.010956120737790183
0.010137537558734767
0.0279831656788228
0.010661357133359027
0.022009116848240893
0.009342969111714559
0.012769584886500212
