19.77446808510638
30.78936170212766
47.51489361702128
53.88936170212766
56.93617021276596
61.782978723404256
66.52553191489362
69.22340425531915
75.88723404255319
73.9531914893617
85.69148936170212
86.32340425531915
92.43617021276596
93.10425531914893
95.79787234042553
98.15957446808511
94.29787234042553
99.03617021276595
98.06595744680851
99.3340425531915
99.80851063829788
99.55531914893616
99.89787234042554
99.73191489361702
98.94468085106384
99.79148936170213
99.98085106382979
99.6404255319149
98.73829787234042
99.77446808510638
99.84893617021277
99.47872340425532
99.92340425531916
99.92553191489361
86.12978723404255
99.51702127659574
99.07659574468084
98.65744680851064
99.88085106382978
98.01489361702127
99.5468085106383
99.71702127659574
99.88085106382978
99.84893617021277
99.51702127659574
99.68936170212766
99.95957446808511
99.87021276595745
96.23829787234042
99.93617021276596
99.92127659574469
99.82978723404256
99.90212765957448
99.8340425531915
99.58936170212766
99.90425531914893
99.76382978723404
99.77021276595745
99.7595744680851
99.93191489361702
99.91914893617022
99.74255319148936
99.72553191489362
98.52978723404256
99.92978723404255
99.8531914893617
99.8
99.80425531914894
99.85744680851064
99.77021276595745
99.98936170212765
99.99787234042553
99.95106382978723
99.83617021276596
99.54468085106383
99.92127659574469
99.78936170212766
99.93191489361702
99.83191489361703
99.84042553191489
99.94468085106384
99.93617021276596
99.88297872340425
99.97659574468085
99.63191489361702
99.95744680851064
99.89148936170213
99.95957446808511
99.90851063829787
99.92340425531916
99.88510638297872
99.94255319148937
99.90425531914893
99.78085106382979
99.99361702127659
99.99574468085106
99.87446808510639
99.90851063829787
99.96808510638297
99.96808510638297
