41.755319148936174
50.297872340425535
0.761702127659575
63.07872340425532
68.82127659574468
70.90425531914893
76.35531914893618
79.17872340425532
82.93829787234043
82.6531914893617
84.86382978723404
88.03829787234042
90.1468085106383
90.39787234042554
92.88723404255319
93.72765957446809
94.92340425531916
94.84255319148936
96.48085106382979
96.7468085106383
96.8468085106383
97.15744680851064
97.49574468085106
97.41914893617022
97.8063829787234
97.30212765957447
98.08297872340425
98.46170212765958
98.69787234042553
98.6659574468085
98.91489361702128
98.25531914893617
98.55531914893616
98.81702127659574
98.63191489361702
98.20638297872341
98.79787234042553
98.17234042553191
98.86382978723404
99.23617021276596
97.72978723404255
99.23829787234042
99.07872340425531
99.01489361702127
98.84893617021277
99.29574468085106
98.62553191489361
99.28510638297873
98.97021276595744
99.07021276595745
99.00851063829788
98.92127659574469
99.26595744680851
99.2531914893617
98.9
99.37446808510639
99.24893617021277
99.15531914893617
99.32765957446809
99.38085106382978
99.56595744680851
99.41914893617022
99.51063829787235
99.42340425531916
99.37659574468086
99.52978723404256
99.50638297872341
99.09574468085107
99.63404255319149
99.5936170212766
99.22978723404255
99.05744680851063
99.04255319148936
99.6531914893617
99.37021276595745
99.30851063829788
99.4063829787234
99.69787234042553
99.15106382978723
99.48936170212765
99.21063829787234
99.65106382978723
99.45957446808511
99.25744680851064
99.34468085106383
99.45106382978723
98.93829787234043
99.55744680851063
99.60212765957446
99.72978723404255
99.42765957446808
99.74468085106383
99.59574468085107
99.48510638297873
99.6659574468085
99.62553191489361
99.66382978723404
99.44468085106384
99.59148936170213
99.53404255319148
98.55319148936171
99.48936170212765
99.5
98.99574468085106
99.35106382978724
99.62553191489361
99.72127659574468
99.55106382978724
99.5
99.7127659574468
99.56382978723404
99.39574468085107
99.52127659574468
99.77021276595745
99.49787234042553
99.62340425531914
99.65744680851064
99.60212765957446
99.77446808510638
99.6659574468085
99.78510638297873
99.57446808510639
99.53191489361703
99.76808510638298
99.39574468085107
99.53404255319148
99.75744680851064
99.51489361702127
99.63829787234043
99.7872340425532
99.22127659574468
99.6659574468085
99.66170212765958
99.55531914893616
99.59574468085107
99.63617021276596
99.64255319148936
99.48085106382979
99.6936170212766
99.13617021276596
99.84893617021277
99.52765957446809
99.73191489361702
99.72553191489362
99.52553191489362
99.86382978723404
99.17659574468085
99.48510638297873
99.52553191489362
99.63404255319149
99.64893617021276
99.49787234042553
99.62340425531914
99.72340425531915
99.05531914893616
99.69787234042553
99.32978723404256
99.8
99.53191489361703
99.67872340425532
99.22340425531915
99.78085106382979
99.72978723404255
99.6531914893617
99.57021276595745
99.79361702127659
99.86382978723404
99.52340425531915
99.79361702127659
99.8
99.77872340425532
99.72340425531915
99.74893617021277
99.8
99.79787234042553
99.57021276595745
99.76170212765958
99.47446808510638
99.71702127659574
99.26595744680851
99.30425531914894
99.78085106382979
99.61063829787234
99.70425531914894
99.49787234042553
99.77872340425532
99.85106382978724
99.80425531914894
99.88297872340425
99.81276595744681
99.70425531914894
99.52978723404256
99.5
99.78510638297873
99.79787234042553
99.84468085106383
99.50851063829788
99.59148936170213
99.78085106382979
99.38936170212766
74
99.46382978723405
99.16382978723404
