22.482978723404255
45.46382978723404
51.50212765957447
58.58936170212766
71.48936170212765
76.60212765957446
82.84893617021277
85.16170212765958
90.91702127659575
93.51914893617021
95.32978723404256
95.28510638297873
95.6468085106383
99.11063829787234
98.63617021276596
98.52765957446809
98.96170212765958
98.53191489361703
97.08936170212766
98.45531914893617
98.20851063829787
99.50212765957447
99.17446808510638
98.58936170212766
99.41276595744681
99.42978723404255
99.6063829787234
99.79787234042553
99.50638297872341
99.76808510638298
99.49361702127659
99.51489361702127
99.63829787234043
99.47446808510638
99.3595744680851
99.58297872340425
99.67872340425532
99.3
99.65744680851064
99.68085106382979
99.8595744680851
99.81702127659574
99.5936170212766
99.8340425531915
99.3531914893617
99.88085106382978
99.87021276595745
99.66808510638297
99.82553191489362
99.8063829787234
99.8595744680851
99.73191489361702
99.82765957446809
99.87021276595745
99.81063829787234
99.81702127659574
99.81276595744681
99.92765957446808
99.4531914893617
99.90851063829787
99.91702127659575
99.89574468085107
99.84255319148936
99.80212765957447
99.93829787234043
99.9063829787234
99.86170212765957
99.80851063829788
99.56170212765957
99.88936170212766
99.91489361702128
99.90212765957448
99.98085106382979
99.8936170212766
99.90425531914893
99.85106382978724
99.65744680851064
99.88297872340425
99.86382978723404
99.90425531914893
99.95957446808511
99.94893617021276
99.95531914893617
99.87234042553192
99.98085106382979
99.83617021276596
99.93191489361702
99.94893617021276
99.98510638297873
99.9063829787234
99.96170212765958
99.74893617021277
99.99361702127659
99.94893617021276
99.92978723404255
99.86808510638298
99.96595744680852
99.97872340425532
99.82340425531915
99.92978723404255
