5.707652640342713
2.205212471485138
2.095724470615387
2.0411540389060976
2.003491023778915
1.967564344406128
1.9379030513763427
1.9075099909305573
1.8827325308322906
1.8537045526504516
1.8367626869678497
1.8198476719856262
1.8030785512924195
1.787960877418518
1.770392155647278
1.7525274515151978
1.7417695832252502
1.7322957348823547
1.7194497001171112
1.7043196976184845
1.6946837329864501
1.677549377679825
1.6712552273273469
1.6576468431949616
1.6527426385879516
1.6430883026123047
1.6357784712314605
1.628428463935852
1.6184686839580535
1.6258341944217682
1.615056335926056
1.6042751681804657
1.6008544278144836
1.60194739818573
1.5907527577877045
1.5901109433174134
1.5841066479682921
1.5791746401786804
1.570435838699341
1.5730382668972016
1.568793737888336
1.570930382013321
1.5581407403945924
1.552320420742035
1.5543610560894012
1.5497106218338013
1.5509084689617156
1.5432108914852143
1.540466970205307
1.537717241048813
1.5317740333080292
1.5365636551380157
1.5287129759788514
1.5238648307323457
1.5186906588077544
1.5246271300315857
1.5292541813850402
1.5200145745277405
1.5189807844161987
1.5149596381187438
1.5099044013023377
1.510679717063904
1.5035950338840485
1.5127931869029998
1.5094349908828735
1.507651493549347
1.5022675824165344
1.4984055507183074
1.4920110595226288
1.4943947851657868
1.4969283330440522
1.4937648475170135
1.4867042446136474
1.4861682951450348
1.4860333847999572
1.4815140128135682
1.4799145877361297
1.4733554911613465
1.4721085608005524
1.4701037645339965
1.470482770204544
1.4718080163002014
1.4717388892173766
1.4708502304553985
1.4645105957984925
1.4676036942005157
1.462476875782013
1.4621561789512634
1.4639964890480042
1.4590671634674073
1.4630415916442872
1.452646528482437
1.4580261063575746
1.4474519336223601
1.4457013511657715
1.4467702770233155
1.4526119005680085
1.4493980526924133
1.4428432023525237
1.4382034611701966
