3.654069423675537
1.8611427783966064
1.5219961094856262
1.3599947333335876
1.2353176736831666
1.1146457827091216
1.004786776304245
0.8938924288749694
0.7906035673618317
0.6786715698242187
0.566365579366684
0.4532709413766861
0.36838367879390715
0.265593466758728
0.22077422574162484
0.13372601479291915
0.12500746324658393
0.09158798031508923
0.1032560720294714
0.06976181894540787
0.039795285533182324
0.06674427217803895
0.010829480779357255
0.011148743769153953
0.015077268765307962
0.0071270729741081595
0.004706979221664369
0.02808693897910416
0.020513942171819507
0.012708827061578632
0.007499637689907104
0.006858851788565517
0.00987158898729831
0.056779024321585894
0.05401801564963535
0.005701778586953878
0.01961700509302318
0.023281501112505792
0.003636375586502254
0.005486411994788796
0.017864755063783377
0.00971629690611735
0.02818284015869722
0.010915795764885843
0.010872576257679612
0.03315687361755408
0.001736679503810592
0.02488097928930074
0.010531160876271315
0.0035298237629467623
0.004573240408208221
0.0074060857226140794
0.009978410080075264
0.010491497130133212
0.012885564217576757
0.004277303237468004
0.007089150831452571
0.008246510348981247
0.0049633635190548375
0.006526634172769263
0.0052444133686367425
0.0067084440501639616
0.003798886812001001
0.010821981150656938
0.0036045537621248514
0.006262061772868037
0.0067372548137791454
0.006223247084999457
0.006547525954956655
0.008311815523193218
0.001388470920501277
0.0001817233913607197
0.003988072875072249
0.004310331509914249
0.0025354046904249115
0.002866254659020342
0.005042840735695791
0.0021908669316326266
0.008462264135014266
0.005197917648765724
0.003771834068465978
0.0042280380241572855
0.004760742427315563
0.0007956495133112185
0.012469304581172765
0.0024183816244476475
0.002807347468478838
0.009274365153396502
0.0020020101600675844
0.0049729588441550735
0.003822007335402304
0.0060291875258553776
0.004842383293289458
0.014902341721754055
0.0013660563666780944
0.00014852716827590484
0.010486268986715003
0.004773834515362978
0.004721487268107012
0.001180431535904063
