2.871182136416435
1.9512036838531495
1.7723150239586831
1.6845639073252678
1.6270257037878038
1.4971276842355727
1.4609254851341247
1.454706354379654
1.4213299608826637
1.3493070802986622
1.2540215314626695
1.2719564827382563
1.2512462571561336
1.2145333573520183
1.2281325971782207
1.1335939547270537
1.1506544932723046
1.1128800363689662
1.1424795840978623
1.0996672562658787
1.0784721461981535
1.0574917822778225
1.0468335237503053
1.0411524477750063
1.0283549393117428
1.0004526913315057
1.0182033300474287
0.9722985129058361
0.9806348334848881
0.979819744259119
0.9362459121644497
0.9124227932021022
0.9419077951312065
0.9361258067786694
0.9374447564184666
0.8909612721651793
0.9096349803209305
0.8873509371578694
0.8786142413765192
0.8776415122151375
0.8500972922444343
0.8548879132270814
0.856656805485487
0.845074725419283
0.8437711808383465
0.8046302777230739
0.8060768577754498
0.8176561938300729
0.8303639914318919
0.8163170126527548
0.7724244587719441
0.7847913817763329
0.810362084902823
0.7673503998219967
0.7635416414812207
0.7488647421374917
0.752395543590188
0.7439390177950262
0.7394206052944065
0.7588655025660992
0.7207635722570122
0.7251616631671787
0.7217987769022584
0.7163959250077605
0.714221366174519
0.6799684439152479
0.6774776514805854
0.7099623325318098
0.6951120121330023
0.69440775616467
0.6398851873874665
0.6607356638982892
0.6671021825261414
0.6729382011592389
0.6685522040016949
0.6238798354417086
0.6257525993082672
0.625653003435582
0.6353750591464341
0.6505353319123387
0.5958750426657498
0.6033155397325755
0.5918064418621362
0.6189720432721079
0.6218874197239056
0.5788291418217123
0.560320244371891
0.6039154463224113
0.5735479764044285
0.6077007188051939
0.5401797195672989
0.5546670280024409
0.5578277095258236
0.5622016392610967
0.5657567553706467
0.5216493371166289
0.5265608148425818
0.5366456603519618
0.5341722957547754
0.524311619590968
0.4965051746368408
0.5047641759132966
0.51398938424699
0.5164850029842928
0.5122993516363203
0.46655066011846064
0.476782179504633
0.4736272068563849
0.4940997999720275
0.5016293846098706
0.4505694888792932
0.4484953483073041
0.45779067361168563
0.4647283789590001
0.4709728462183848
0.4185345854498446
0.42542677094880493
0.43124045403301714
0.4488754149656743
0.4466929470580071
0.40365158339310436
0.3943844405207783
0.4084264070065692
0.4116798772998154
0.4237484597861767
0.3867998205702752
0.3865633891951293
0.38248453903384505
0.3897468740660697
0.38881760274991395
0.35401877138577403
0.3516520266421139
0.35524628625437615
0.3727230529813096
0.38560433987528087
0.3414966005049646
0.32149061604822055
0.345330296930857
0.34691059720609335
0.3575644334037788
0.29913299045991154
0.30583030196547045
0.33359597289701926
0.3281687528355978
0.32857559773651884
0.28016367384046315
0.28704282143060117
0.29752504631783816
0.3108022745354101
0.29775704695936295
0.2685604040334001
0.26831523863226175
0.2619718262609094
0.28496387911285276
0.288989326188399
0.23459710393613203
0.2440491601699032
0.2609771677639801
0.2650664452192141
0.26175548555282874
0.213639197986573
0.22751090175413993
0.23658557938819286
0.24330475067999213
0.2521143551710993
0.19471314502926543
0.20046628582989798
0.20864614058588632
0.22714461955579462
0.22703335347236134
0.18833491881913506
0.18681748051382602
0.2063608620746236
0.1975850855507888
0.19580157449212857
0.1604397800467559
0.1657798132088501
0.18056543874699854
0.1828092915834859
0.18208059350191616
0.152876108962344
0.15222422401746735
0.1542094361317577
0.1630467274596449
0.16472917140612844
0.13187738883844577
0.13869226404489018
0.14471393684356007
0.14333980704160057
0.14364025426958688
0.11592338567023398
0.11760927854984767
0.12934926617148448
0.12776628721127054
0.12471130610760883
0.1011912075454602
0.10829077670285187
0.10909420342603698
0.11791948696260807
0.1061822334813187
0.08993290625707595
0.09551390186150092
0.09541342003282625
0.09239480066261603
0.10361006486385305
0.06932356267195428
0.0804211046207929
0.08006564991709456
0.0880323399734625
0.0926217715726525
0.05867125682935875
0.07335440155708056
0.06832057029276621
0.06519754970562644
0.07465500115146279
0.05231190805588267
0.048172790841039384
0.05710725695115252
0.061174164119409395
0.059516541685385164
0.04233051775467175
0.04803750175296591
0.048694104773559954
0.048107287255283154
0.04999383383686654
0.03562740618438693
0.033043635215493854
0.037425693588680586
0.03479722118337668
0.041787901575753496
0.024299418014736146
0.02794168623116275
0.03405184960172846
0.03383260339029585
0.03368396635144745
0.02299379107292043
0.023247800051154628
0.02437385844784876
0.02321682445409533
0.02339130774334626
0.015325704903974838
0.016426283465043524
0.01481523236162684
0.019321747601175956
0.01697420212870202
0.013287939585362438
0.013896807207105667
0.0129333213505779
0.012279080780033837
0.015048037280339486
0.01014916054423793
0.00962552919229347
0.009607142185803242
0.01077321358888912
0.011904062666607387
0.008785232169391293
0.009194837577399995
0.009119191925770792
0.008442341572578699
0.009058508062640613
0.0070066298646897845
0.007029383260240138
0.0072830857729759375
0.007726182083592903
0.007764780912937567
0.006081694755404897
0.006222822723005379
0.006461561822285489
0.006504157025161475
0.006781437365806596
0.005228695912243893
0.0058629229386724544
0.005562608837951302
0.00574709025760967
0.006094564569095382
0.0050592429802372866
0.005100273784285946
0.005271319222239981
0.005589181671719416
0.00496411518495006
0.004619351723774343
0.0046294253751293585
0.0047424501188975225
0.004653594221341109
0.004577759280043665
0.0043055077624244405
0.004226819616553712
0.004033778363941564
0.004233002416636637
0.004387933274003444
0.0038461366873689257
0.004040707683228902
0.0038813711453976794
0.003882462364613275
0.004093708852869895
0.003629886617098009
0.0035595452200432192
0.003629213330055791
0.0038227679085652967
0.0035307539195391655
0.003391388088077747
0.003319871219839683
0.0032114363369306603
0.0034842545154479014
0.0035278564236168675
0.00300080168446857
0.0031206561509002314
0.003231299377487119
0.003241732660545921
0.0034518812701858225
0.0030488645388850274
0.0028901057534324935
0.0029201131600784507
0.003054650192532961
0.003130387149416265
0.0027236949194966655
0.0028262147624741373
0.002764374780914096
0.0028191039379054247
0.0029240460134401475
0.0026118419138067566
0.0027456512921494322
0.0027066133096686827
0.0028757694691030336
0.002635775708697679
0.0024725154687561712
0.002501275977289879
0.0024861729858464514
0.0026772455050609665
0.002598872845352162
0.0023274376861636484
0.002436993631077712
0.002388026622254074
0.0025099686918474617
0.0024359499974278124
0.002300358975084862
0.0023493625864284694
0.0023564132574791473
0.002305934484965292
0.002281093290106128
0.0022447955768344625
0.002198445716001743
0.0022847613202619924
0.002050634003822779
0.0022531837182805247
0.0020400487875603802
0.0021479716020815546
0.0020045887460941004
0.0020563268819692553
0.0021888350463469806
0.0019875063881431743
0.0019332630846807888
0.001966947502218318
0.0020538658460544637
0.0021504224888767567
0.0018951660725324473
0.0019796709536113893
0.0018979770088462828
0.002023775450131609
0.0019812827784869568
0.0018623786446996745
0.0017770578521874255
0.0018187825763889122
0.0019130185524189756
0.0020711491526645034
0.0017649377085721483
0.0018167288805616408
0.0018266943577748406
0.0018440534452362556
0.001823860311608918
0.0016364898954880117
0.0017111980980399721
0.0017503199681359546
0.0017224429486089434
0.001830288205914485
0.0016559039012495305
0.0016731015775563946
0.0017147073533136847
0.0017014077380082995
0.0017069786639551693
0.0015979454814246238
0.0016679006169566719
0.001607595995527845
0.0016550418841147802
0.0016286456719248007
0.001547552264780279
0.0015821341082198615
0.0015649422906548268
0.0016230780808418786
0.0015734449899564994
0.0014182742576481359
0.0015754880162713789
0.001565839154977958
0.0015447486664916142
0.0016146006012158977
0.0015286786183973363
0.0014550705939867612
0.0015011795464503735
0.0014814627529394927
0.0014941334341696689
0.0014960363372610744
0.0014094819803133305
0.0013785376462556087
0.001450184857500517
0.0014711730212197836
0.0014137840609312776
0.0015292519856640752
0.0013303698791900151
0.0013994990306885598
0.0014014881242957245
0.001370913085005192
0.0013069913888019756
0.0013515882594712992
0.0014023897674932187
0.0013796922777316923
0.001237164414385461
0.0014048635688050125
0.0013286444752048964
0.0013408750862036528
0.00132984014712747
0.0012679188630040238
0.0013094566136383037
0.0012770457932872361
0.0012712844161341082
0.001342708903840105
0.0012630361704352709
0.0012535894687777044
0.001280252357908239
0.0012315697543483566
0.0012767670019480305
0.0012227909909653363
0.0011941141645089885
0.001230207558784457
0.0012492513985093866
0.0012726237813258906
0.0011813715544253683
0.001180643851334935
0.0012301023437629511
0.0011869438465889743
0.0011866155281619495
0.001184153852939346
0.0011779512855713391
0.001166996821026032
0.0012043437944644175
0.0011655510306602538
0.0011574275447832144
0.0011099928695720677
0.001125176240282144
0.0011545058801526694
0.0012205476451735322
0.0010984357241113686
0.0011028767059087271
0.001132501398342754
0.0011273170034828582
0.0011486185910993996
0.001048916999987
0.0010975655733290778
0.0011020985777783067
0.0011326229716864874
0.0011100978403158024
0.0010563407904086262
0.001094726769560282
0.0010346719528617995
0.001109361192677966
0.0010803363996646444
0.0010293401246648842
0.001054828669606522
0.0010501588988584914
0.0010498758066654545
0.001090166616325348
0.001030352863376379
0.001021776067875976
0.0010009830843401915
0.0010489836952573342
0.001033340793331945
0.0010213341979308551
0.0010223956894884624
0.0009805332027373766
0.0010004233720213734
0.0009987513403606272
0.0009464313292717463
0.0009987134094803442
0.0009638495862484433
0.00099061942808936
0.001023670566273097
0.0009621569209399467
0.0009872075124562798
0.0009814654881379282
0.0009446593096192259
0.0009697906903309068
0.0009239648342368128
0.0009703893395760579
0.0009277619076428892
0.0009458606416501425
0.0009705723776827427
0.0009641963938835687
0.0009270880221106373
0.0009436075819094611
0.0009499110211313564
0.0009022579401848532
