14.906382978723403
21.259574468085106
25.704255319148935
25.836170212765957
27.876595744680852
29.619148936170212
31.64468085106383
33.293617021276596
32.96808510638298
32.36595744680851
34.57872340425532
35.07659574468085
35.353191489361706
36.259574468085106
36.9
37.317021276595746
37.15106382978723
38.48936170212766
37.638297872340424
38.43404255319149
39.05106382978723
39.60212765957447
38.96808510638298
40.148936170212764
40.65531914893617
40.776595744680854
41.04468085106383
41.04042553191489
41.05531914893617
40.729787234042554
41.238297872340425
42.04042553191489
41.12127659574468
42.31063829787234
42.37872340425532
42.5531914893617
41.97234042553192
42.88936170212766
42.731914893617024
42.51702127659574
43.6
42.94255319148936
43.48297872340426
43.34893617021277
43.94255319148936
43.806382978723406
43.54468085106383
44.125531914893614
44.32340425531915
43.246808510638296
44.37872340425532
44.306382978723406
44.45531914893617
44.58297872340425
44.34893617021277
44.58085106382979
44.53829787234042
45.06170212765957
44.99148936170213
45.17872340425532
45.22127659574468
45.07021276595745
45.39148936170213
45.07659574468085
45.223404255319146
44.97021276595745
45.49148936170213
45.07234042553191
45.65744680851064
46.02978723404255
45.785106382978725
46.11276595744681
46.208510638297874
45.95744680851064
46.01489361702128
46.04255319148936
46.225531914893615
46.62340425531915
46.44468085106383
46.3468085106383
46.66808510638298
46.774468085106385
46.851063829787236
47.02765957446808
46.82553191489362
47.10851063829787
46.94255319148936
46.66382978723404
47.193617021276594
47.27872340425532
47.5063829787234
46.768085106382976
47.27872340425532
47.714893617021275
47.67872340425532
47.840425531914896
47.314893617021276
47.714893617021275
47.725531914893615
48.0063829787234
