20.94468085106383
31.24255319148936
32.11276595744681
39.52978723404255
44.93617021276596
47.253191489361704
48.744680851063826
50.1
47.806382978723406
48.97872340425532
54.07659574468085
56.3468085106383
56.06595744680851
58.04893617021276
56.67659574468085
59.53829787234042
60.54468085106383
60.208510638297874
61.01063829787234
61.39148936170213
63.09787234042553
63.88723404255319
62.83617021276596
63.304255319148936
64.69574468085106
66.11914893617022
64.9531914893617
65.17021276595744
65.90212765957448
65.96595744680852
67.70851063829787
67.23404255319149
68.78085106382979
68.25744680851064
68.92978723404255
69.8468085106383
70.03829787234042
69.00212765957447
70.59574468085107
69.66382978723404
69.38936170212766
71.76382978723404
70.85106382978724
70.51914893617021
71.46808510638297
71.43404255319149
71.76595744680851
71.55531914893616
72.71914893617021
72.89787234042554
73.10212765957446
72.7468085106383
73.31702127659574
72.45957446808511
71.42765957446808
74.78085106382979
73.84468085106383
74.59148936170213
75.27659574468085
74.77021276595745
75.52127659574468
75.13617021276596
76.23617021276596
74.5468085106383
76.2404255319149
74.9872340425532
76.36382978723404
76.09787234042552
76.23404255319149
77.03404255319148
77.28085106382979
77.64255319148936
78.49361702127659
78.55744680851063
77.84468085106383
78.79574468085106
77.66382978723404
78.53617021276595
78.37234042553192
78.93404255319149
78.5468085106383
79.86170212765957
79.63191489361702
79.26808510638298
79.87234042553192
80.48936170212765
80.50851063829788
80.95531914893617
81.61914893617022
81.38723404255319
81.10851063829787
80.19148936170212
79.6468085106383
82.66808510638297
82.84893617021277
82.40851063829787
83.68936170212766
79.56595744680851
83.22340425531915
82.71063829787234
82.62340425531914
84.01489361702127
83.08723404255319
83.43829787234043
84.56382978723404
84.2127659574468
84.04255319148936
84.44255319148937
84.41702127659575
84.7127659574468
85.30851063829788
86.00212765957447
84.60212765957446
85.2404255319149
85.58297872340425
85.67021276595744
86.5127659574468
85.9404255319149
85.30212765957447
87.37659574468086
87.88297872340425
87.44468085106384
87.71063829787234
87.27021276595745
87.12553191489361
87.56170212765957
87.57446808510639
88.41489361702128
87.37872340425533
87.6
88.47659574468085
89.26382978723404
89.9531914893617
89.89787234042554
87.62553191489361
89.08723404255319
88.86595744680851
88.31489361702128
89.91063829787234
89.22765957446809
90.97021276595744
89.81063829787234
89.79574468085106
90.85744680851064
89.64468085106382
91.08723404255319
90.86808510638298
91.60851063829787
92.41914893617022
92.70212765957447
92.39574468085107
91.2872340425532
90.83191489361703
92.74468085106383
92.33829787234042
91.48297872340426
91.67659574468085
93.79148936170213
92.65531914893617
93.11914893617022
94.32340425531915
94.4404255319149
92.41702127659575
93.67446808510638
94.7
94.25531914893617
94.9404255319149
94.01063829787235
94.71702127659574
92.36595744680851
94.07659574468084
94.49361702127659
94.8595744680851
95.71063829787234
94.63191489361702
95.26382978723404
95.63617021276596
95.06808510638298
94.95744680851064
95.91063829787234
96.56808510638298
96.23191489361702
95.73404255319149
96.88297872340425
94.10425531914893
94.26595744680851
96.39148936170213
97.05106382978724
94.71702127659574
94.89574468085107
97.29787234042553
97.37872340425533
97.58510638297872
96.93404255319149
96.49148936170212
98.0
98.04042553191489
96.42127659574469
98.11914893617022
97.80425531914894
98.45531914893617
98.34893617021277
97.86595744680851
97.3595744680851
97.22765957446809
98.88723404255319
98.72127659574468
98.61063829787234
98.48936170212765
98.69148936170212
99.21489361702127
99.07234042553192
98.54042553191489
98.6404255319149
98.2127659574468
99.19787234042553
98.92553191489361
99.2127659574468
99.22340425531915
99.53404255319148
99.53829787234042
99.50425531914894
99.28085106382979
99.44468085106384
99.62340425531914
99.7127659574468
99.6063829787234
99.38936170212766
99.72553191489362
98.33191489361703
99.57446808510639
99.62340425531914
99.65106382978723
99.81702127659574
99.61702127659575
99.66382978723404
99.33617021276596
99.86382978723404
99.90212765957448
99.9404255319149
99.93617021276596
99.95957446808511
99.93829787234043
99.96170212765958
99.96595744680852
99.96595744680852
99.87872340425533
99.94255319148937
99.97872340425532
99.96808510638297
99.98936170212765
99.98936170212765
99.9872340425532
99.98510638297873
99.98936170212765
99.82553191489362
99.99148936170212
99.98936170212765
99.9872340425532
99.99574468085106
99.99574468085106
99.99787234042553
99.99361702127659
99.99787234042553
99.99787234042553
99.99574468085106
99.99574468085106
100.0
100.0
100.0
100.0
99.99787234042553
100.0
100.0
100.0
100.0
100.0
100.0
100.0
100.0
100.0
100.0
100.0
100.0
100.0
100.0
100.0
100.0
100.0
100.0
100.0
100.0
100.0
100.0
100.0
100.0
100.0
100.0
100.0
100.0
100.0
100.0
100.0
100.0
100.0
100.0
100.0
100.0
100.0
100.0
100.0
100.0
100.0
100.0
100.0
100.0
100.0
100.0
100.0
100.0
100.0
100.0
100.0
100.0
100.0
100.0
100.0
100.0
100.0
100.0
100.0
100.0
100.0
100.0
100.0
100.0
100.0
100.0
100.0
100.0
100.0
100.0
100.0
100.0
100.0
100.0
100.0
100.0
100.0
100.0
100.0
100.0
100.0
100.0
100.0
100.0
100.0
100.0
100.0
100.0
100.0
100.0
100.0
100.0
100.0
100.0
100.0
100.0
100.0
100.0
100.0
100.0
100.0
100.0
100.0
100.0
100.0
100.0
100.0
100.0
100.0
100.0
100.0
100.0
100.0
100.0
100.0
100.0
100.0
100.0
100.0
100.0
100.0
100.0
100.0
100.0
100.0
100.0
100.0
100.0
100.0
100.0
100.0
100.0
100.0
100.0
100.0
100.0
100.0
100.0
100.0
100.0
100.0
100.0
100.0
100.0
100.0
100.0
100.0
100.0
100.0
100.0
100.0
100.0
100.0
100.0
100.0
100.0
100.0
100.0
100.0
100.0
100.0
100.0
100.0
100.0
100.0
100.0
100.0
100.0
100.0
100.0
100.0
100.0
100.0
100.0
100.0
100.0
100.0
100.0
100.0
100.0
100.0
100.0
100.0
100.0
100.0
100.0
100.0
100.0
100.0
100.0
100.0
100.0
100.0
100.0
100.0
100.0
100.0
100.0
100.0
100.0
100.0
100.0
100.0
100.0
100.0
100.0
100.0
100.0
100.0
100.0
100.0
100.0
100.0
100.0
100.0
100.0
100.0
100.0
100.0
100.0
100.0
100.0
100.0
100.0
100.0
100.0
100.0
100.0
