2.657760752797127
1.7696362649202346
1.5768602381944656
1.4954267427921295
1.4410778033137321
1.3946405189037323
1.3656456233263017
1.3266173301935196
1.298794278919697
1.274175202190876
1.2397981800436975
1.2120077488422394
1.2012946408390999
1.1724308550953866
1.1613715480566025
1.1498545081615448
1.1279330064058304
1.1118126970529556
1.096818919301033
1.0823682432174682
1.0740234948396683
1.0623999337553978
1.055468490242958
1.0401156753003598
1.0300793862342834
1.0215343921184539
1.00754606372118
1.0046231118142606
0.9932573345303536
0.9817132288217545
0.9727259610891342
0.9687053849101066
0.9587758019268513
0.9527503110170364
0.946883543998003
0.934285064727068
0.9357798462808132
0.9136553237736225
0.9181828609108925
0.9112642148137092
0.9011309066712856
0.8911332004964352
0.8931597267389297
0.8773311507999897
0.8811674665212631
0.870629498898983
0.8647692406177521
0.862294468909502
0.8525168432891369
0.8455915581882
0.8502697747051716
0.8363089063167573
0.8350147212147713
0.8285760246515274
0.8219248911440372
0.8166819877326489
0.8189813919365406
0.807521104902029
0.8035481235682964
0.7985345067381859
0.801144677400589
0.792341130912304
0.793037260055542
0.7861668839156628
0.776792273402214
0.7740661154985428
0.7679809088110924
0.7661393299102783
0.7620951465070248
0.7569025527834893
0.7505749863386154
0.7401349324584007
0.7479768098890781
0.7383469198644161
0.7400833169519901
0.7279420402944088
0.7252227775454522
0.7201542548835278
0.7207768422812223
0.7190987429022789
0.7130698390901089
0.7138184585273266
0.7066275116503239
0.705417992323637
0.6980288745611906
0.689530426800251
0.6936006842851639
0.6848251358270645
0.6799424918293953
0.6789514348953962
0.6743909368515014
0.6684854966402054
0.6679103869497776
0.6615775547921657
0.6591504044234753
0.6509194503128528
0.6610631847679616
0.6475053925812244
0.6436522935181856
0.6394466119408607
