2.2265235137939454
1.1224712491035462
0.7776695168018342
0.5633004903793335
0.4015305769443512
0.27260986566543577
0.14626203656196593
0.07880106866359711
0.05670857567340135
0.04453422512859106
0.039744936674833295
0.013498325599357486
0.02732542024925351
0.0131086983717978
0.03654235974885523
0.008842555759474634
0.021060455003753305
0.017931234082207082
0.010506478110328317
0.019748982805758715
0.01972610610537231
0.01685693656792864
0.0048455498344264925
0.014007144691422582
0.009575484499800951
0.006339982345234602
0.014255104926414788
0.007892101649194955
0.015675293751992284
0.00607605951372534
0.0052909048344008626
0.007187776947394014
0.0010667028243187815
0.002224974473938346
0.007276059217983857
0.001936733322800137
0.002288406331499573
0.008353331394027918
0.002124496604083106
0.007620907803066075
0.003495624052011408
0.0013557838567066938
0.0010802051298378502
0.006928120387019589
0.0016036547289695591
0.0005548084296606248
0.006590379296103493
0.001440195496979868
0.00044420867343433203
9.351138196507236e-05
3.221859720724751e-05
2.2204236702236814e-05
1.6182482149815768e-05
1.1377974633433041e-05
8.404237178183394e-06
5.422159515546809e-06
3.6506007700154442e-06
2.574947959601559e-06
1.6094386103304715e-06
1.1976126904755803e-06
1.1233955234501991e-06
0.0018858025944791734
0.00046849737820593875
9.158197013675818e-05
2.9834217893949245e-05
0.006706469530618051
0.0006603701841231669
6.541748247400392e-05
3.5852776509273096e-05
1.672917043833877e-05
1.0941563996311743e-05
8.521818272129166e-06
5.146741491444118e-06
4.338664773513301e-06
3.0496962858705955e-06
0.009006069256747651
0.00029456028605636677
6.534750233186059e-05
3.3873797619889955e-05
2.8283259543968596e-05
2.2713674734404777e-05
9.672302326180215e-06
8.719211791685666e-06
4.469278267151822e-06
3.827274447303353e-06
3.1600495503880666e-06
1.6704999018202215e-06
1.4639693904427986e-06
8.540265480405651e-07
7.306412842922327e-07
6.003690518241456e-07
0.0006771326676334866
7.500106527459138e-05
1.8184883047069888e-05
1.0577663942967774e-05
8.315803838740977e-06
3.493958056424162e-06
2.6398011186756775e-06
2.5088941004014487e-06
1.3159423019715178e-06
