1.4089635420441629
0.726551928088069
0.5223288350999356
0.39130374274402857
0.2832708516940475
0.19879951217584313
0.12958732177969068
0.09114629961457103
0.07483918753161561
0.0637743462031649
0.05714667650463525
0.04270688176451949
0.04008509678917471
0.03787523419188801
0.031590016539987116
0.03180271578126121
0.024706093491502542
0.021543185456015634
0.02147072277541156
0.018887180957501186
0.019852615356277966
0.015203208482875197
0.013376643844872887
0.014237035238254975
0.012577639844155783
0.014025339519850832
0.010409299224161941
0.009408275786768854
0.009645242505135683
0.008536276947769239
0.010133763752690811
0.007570840197607368
0.006579847422915662
0.006943571327439486
0.005984724003133635
0.007066765897894171
0.005066266767169736
0.004130543984008113
0.004710045324199726
0.004588217177034067
0.0043672974113672415
0.0027928719729319908
0.002973289742428534
0.0030701503656583784
0.003449570296575054
0.002516475760297993
0.003488383393442689
0.002317414899884824
0.0037418692132299503
0.00266916919940612
0.0024787258129937654
0.001418975056664392
0.0011873805761136627
0.0017952396483316732
0.0014451253328186223
0.002261128487707614
0.0013011062752948197
0.0009641301240044838
0.0008107964030772806
0.000988143373860959
0.001122226531863833
0.0008056878891067849
0.000860964176556739
0.0005989011776679121
0.0006651707043382058
0.0011125559186815695
0.0007646399436116318
0.00022103246051493496
0.00031188765627839123
0.00042728174353579164
0.0006805558520909387
0.0005004597294364029
0.00025300059511356387
0.00044972561070373286
0.00034656956297533917
0.00030361412256787855
0.0001295201557053296
0.00031955604260417727
0.00014572256456595834
0.00021808137711610276
0.0003339018084648899
0.00020263285692196064
8.167510329103811e-05
3.9708073225141804e-05
8.029315012563343e-05
3.38803938345551e-05
0.000144560933947248
7.746084432067702e-05
5.692663185133995e-05
3.148904052160018e-05
0.00019796726427973854
1.303960848800334e-05
6.383295060624405e-06
0.00014903651125083384
1.8459329889149777e-05
1.7193757337601756e-05
1.3682636762708088e-05
7.245902321703523e-06
1.0109787439240402e-05
1.688174761469874e-05
