44.864
61.608
74.952
82.946
84.41
91.966
96.386
97.808
96.552
98.62
93.738
99.838
99.332
99.79
87.308
99.736
99.792
99.628
99.862
99.508
99.652
99.598
99.488
99.728
99.868
99.96
99.91
99.836
99.844
99.79
99.888
99.904
99.992
99.772
99.874
99.94
99.928
99.934
99.988
99.544
99.9
99.98
99.992
99.846
99.98
99.996
99.912
99.972
99.996
100.0
100.0
100.0
100.0
100.0
100.0
100.0
100.0
100.0
100.0
100.0
100.0
99.996
100.0
100.0
100.0
99.926
99.998
100.0
100.0
100.0
100.0
100.0
100.0
100.0
100.0
99.94
99.992
100.0
100.0
100.0
100.0
100.0
100.0
100.0
100.0
100.0
100.0
100.0
100.0
100.0
100.0
99.998
100.0
100.0
100.0
100.0
100.0
100.0
100.0
100.0
