29.688
39.298
44.188
48.324
51.062
53.734
56.49
58.61
60.51
62.238
64.07
65.504
67.346
68.68
70.258
71.352
72.492
73.904
75.062
76.516
77.644
78.89
80.002
81.538
82.4
83.746
84.988
85.562
86.954
87.94
88.86
90.004
90.784
91.774
92.328
92.976
93.658
94.358
94.79
95.352
95.71
96.322
96.478
96.926
97.004
97.238
97.604
97.66
97.86
97.986
98.14
98.216
98.366
98.382
98.51
98.6
98.658
98.728
98.766
98.904
98.972
98.998
99.056
98.982
99.052
99.076
99.122
99.142
99.272
99.23
99.21
99.274
99.312
99.29
99.308
99.386
99.34
99.402
99.34
99.366
99.416
99.42
99.388
99.39
99.416
99.464
99.546
99.378
99.482
99.45
99.514
99.516
99.5
99.57
99.434
99.564
99.558
99.558
99.514
99.592
