6.233240270614624
3.676087965965271
2.672564401626587
2.3462645769119264
2.199204082489014
2.105286922454834
2.0444013833999635
1.999915418624878
1.960536162853241
1.9293595695495604
1.9030276656150817
1.8779376649856567
1.8531207418441773
1.8404111123085023
1.8193883991241455
1.8024321460723878
1.793682072162628
1.7765850257873534
1.7667365622520448
1.7567440581321716
1.7341752696037291
1.7260711431503295
1.7164530754089355
1.7044408440589904
1.705191731452942
1.69318706035614
1.685488338470459
1.6758013200759887
1.668680295944214
1.6557791757583618
1.6530755352973938
1.6451806092262269
1.638941171169281
1.6359835600852966
1.6311022543907165
1.6227599120140075
1.6160241174697876
1.6088509416580201
1.6052391171455382
1.5973208689689635
1.598768138885498
1.5928922891616821
1.5849724102020264
1.57830260515213
1.5818191719055177
1.5705683994293214
1.5650048208236695
1.570892641544342
1.5647558712959289
1.5650353360176086
1.5567263793945312
1.558736162185669
1.5512818574905396
1.5460002970695497
1.5419711399078369
1.542128324508667
1.5308867931365966
1.5312502694129944
1.5329500365257263
1.5312450170516967
1.5297228360176087
1.5238244318962098
1.518297004699707
1.5245119643211364
1.5162426543235779
1.5189481163024903
1.5199088978767394
1.514465069770813
1.512150192260742
1.5107572531700135
1.5033144426345826
1.5036331605911255
1.5000397753715515
1.501107473373413
1.4967163062095643
1.4988661456108092
1.4953658628463744
1.4985310649871826
1.488816089630127
1.4914756202697754
1.488971312046051
1.4896592259407044
1.4836202955245972
1.4875922417640686
1.4820919036865234
1.4789228129386902
1.478332498073578
1.4733746314048768
1.4745376443862914
1.471170139312744
1.4800862431526185
1.4784491682052612
1.473458948135376
1.4729406213760377
1.470857503414154
1.4745233368873596
1.4684718251228333
1.4717393612861633
1.474984872341156
1.4655582809448242
