2.5913899689912796
1.7380968124866485
1.5776584224700927
1.4670250369310378
1.387904846072197
1.3120509740710258
1.2524263437390328
1.1818738666772843
1.1346487904787064
1.086353144824505
1.049031867980957
1.0015520164370537
0.9565270161032676
0.9186769409179687
0.8865298740565777
0.8387608073353767
0.8052251420617104
0.7702935349345207
0.7488885772526264
0.7086430659294128
0.6814601801931858
0.6403211025893688
0.6098345422148704
0.5818281519860029
0.5557070566117763
0.5254849260002374
0.48951519098877905
0.46758105465769767
0.4393214218467474
0.4078685386925936
0.38644622968137265
0.3572724754214287
0.3322531061023474
0.30967475768178704
0.2897474932298064
0.2679999929219484
0.2411313851326704
0.23503101578354835
0.21333858239278197
0.20431781815737485
0.18721988735347986
0.17160234582051634
0.16604540900327266
0.15141831952705978
0.13858462277799843
0.1298608197849244
0.12398197772167623
0.11504025550372898
0.1138192880898714
0.10300308116525411
0.0992077258862555
0.09133097092062235
0.08981296332832425
0.08258599192276597
0.0818453499833122
0.07763498015142978
0.07105087103694677
0.0713444771291688
0.07269736053608358
0.06711547286994755
0.06388081468082965
0.06044496047124267
0.06393278561532498
0.0587669474245049
0.05788659246591851
0.05764446359872818
0.05229659582022578
0.05372057555057108
0.05021349781285971
0.050251624044030906
0.04712515563890338
0.04619916290044784
0.0471111162211746
0.04420496182097122
0.044207762373611334
0.04209309735661373
0.043415754096582534
0.040400531251449136
0.03999844927061349
0.036762610064819456
0.04032940408587456
0.03844981230283156
0.03836745658935979
0.037094679726753385
0.037005995656363665
0.037382513834629205
0.03573574522370473
0.03558866930566728
0.03519143103691749
0.03571050921967253
0.03321119344537146
0.033675181744620204
0.030787996020400898
0.030302079200278966
0.0325676358458586
0.03149252734868787
0.03111530362861231
0.029010399325517938
0.03167559085600078
0.030124766401713715
