66.082
77.51
84.24
87.47
91.724
95.15
96.204
97.886
97.74
98.49
98.568
98.96
99.002
99.08
99.376
99.028
99.176
99.166
99.568
99.208
99.404
99.594
99.632
99.546
99.516
99.618
99.722
99.758
99.612
99.748
99.74
99.8
99.862
99.802
99.71
99.8
99.796
99.816
99.784
99.824
99.84
99.81
99.944
99.876
99.952
99.792
99.908
99.908
99.9
99.912
99.942
99.93
99.934
99.988
99.93
99.948
99.974
99.974
99.964
99.97
99.974
99.964
99.984
99.998
99.988
99.976
99.986
99.984
99.994
99.992
99.99
99.994
99.98
99.98
99.994
99.99
99.992
99.996
99.986
99.998
99.996
100.0
99.996
99.996
99.998
99.998
99.996
99.992
99.998
99.998
99.998
100.0
99.998
99.998
99.998
99.996
99.998
100.0
99.998
99.998
