11.124
16.046
22.328
24.836
26.436
27.786
28.91
29.79
30.534
31.48
32.252
32.896
33.338
33.97
34.532
35.04
35.526
36.024
36.386
36.73
37.234
37.508
37.796
38.28
38.632
38.852
39.266
39.512
39.64
39.93
40.118
40.336
40.624
40.946
41.014
41.176
41.448
41.594
41.916
41.966
42.28
42.354
42.582
42.722
42.83
42.968
43.19
43.23
43.446
43.518
43.604
43.782
43.818
44.006
44.08
44.14
44.332
44.352
44.534
44.586
44.596
44.68
44.946
44.908
44.922
45.032
45.058
45.258
45.264
45.304
45.392
45.542
45.53
45.628
45.74
45.848
45.912
45.842
45.762
45.97
45.892
45.97
46.212
46.08
46.234
46.352
46.348
46.286
46.33
46.334
46.566
46.546
46.49
46.54
46.562
46.672
46.718
46.748
46.854
46.878
