1.82809705555439
1.3591330877542496
1.196495408654213
1.195126394867897
1.1462971413433551
1.1673626261651515
16.183844962656497
1.269929415255785
1.099442408978939
1.3705797101259232
1.2948613157868385
1.302923061311245
1.4040750275850296
1.1460754308998584
1.581396486133337
1.3413577893972397
1.1460815314352513
1.2801755661964416
1.1293141519129277
1.1261648677289486
19.85433145853877
1.2779586044251918
1.1432506684064865
1.1326956320405006
1.1342594031989575
1.15861909532547
1.0875936374366284
1.1473849330246448
1.9356449004411698
1.1299022471606732
1.1468656663000583
1.1477702108025551
1.0986870796084405
2.2222323502898216
1.1351908802986146
1.0951050647497178
1.0920725377500058
1.0910526185035705
1.1707274275422097
1.4862446398139
1.1543707224428654
2.5403006162643433
1.108138578236103
1.139988260358572
1.3997790743112564
1.1057725115716457
1.0879709780812263
1.1346466028690338
1.067637998253107
1.1692604938447475
1.3425901580154895
1.8585187054872512
1.1388080999255181
1.1872712114453317
1.0725202821195126
1.0831032212376595
1.0671113643348218
1.0502636588215828
1.1688870822787285
1.0532616392970084
1.2340716975927353
1.1056258966028691
1.1644834251105785
1.0336633574068546
1.093954613417387
1.0929904296398163
1.3129494970738889
1.1534023836404086
1.109400823265314
1.1399889939129353
1.264696151793003
1.1132704807519913
1.0693813259899616
1.2174332878887653
5.012934147983789
29.549173726409673
1.1068391228616237
0.9976433655619621
1.0486634505987167
1.1012941716313362
1.1549920608103275
4.75611146774888
1.0380315929800272
0.9983792044371367
1.2233166834414004
1.142955487012863
1.2797613894045352
4.163924680918455
1.1330906039178372
1.0316769142448903
1.6518787358403206
6.200528340026736
1.0133466137647629
1.0932980360388755
1.1652471771538258
1.0742637788951397
1.0896348350644112
1.0810688662827015
1.0929173299521209
2.9109351592361925
