1.9694188542366027
1.5002478725910187
1.3959394551515578
1.2748666845858097
1.258757394373417
1.2300183310508728
1.05661432364583
1.0584837875068187
1.0582695447355508
0.9544025194793939
0.967636408150196
6.835074778884649
0.8545631625652313
0.8934055153429509
2.126073806375265
0.8292278666123748
0.86691557264328
1.016116022720933
0.798037642866373
0.8075013299435377
0.8281485293060541
0.752633437603712
0.8646429629847407
0.8049899096302688
0.840917820930481
0.7676273853182792
0.8249965430051088
0.7178541400879621
0.7402200754210353
0.7877660174369812
0.7428045129105448
0.7278794983401895
0.772554021820426
0.7606852385140955
0.7171436980590224
0.7633232899457216
0.7153809381201863
0.7047940095663071
0.7255902964398265
0.6831720938757062
0.7028072304278612
0.7182062121406197
0.7731849584616721
0.7371432123482228
0.7102603005769197
0.6596119591519236
0.6906408502571285
0.8024830862060189
0.6674299477059394
0.6772787366360425
0.686458793554455
0.6564384482353925
0.7006385684534907
0.6957389893466607
0.6145457673482597
0.6727082027979195
0.7666560636833311
0.6537222370281816
0.6809737090542912
0.6659233279265463
0.7749584754034877
0.6317099106870592
0.7137465471550822
1.5856201535090804
0.6755285074189306
0.6516567088468
0.6592439873553813
0.6214861373901367
0.6519995545111597
0.6678558073043823
0.6408993698880077
0.7032054959796369
0.6668747953623533
0.6239815526241437
0.6783141096867621
0.6304732206352055
0.6125495777018368
0.6504550646664575
0.602937608233653
0.5886123720314353
0.6356785183344036
0.5758305215239525
0.6185888995099813
0.6294416137933732
0.6192076397016645
0.6519595551118255
0.6292136550322175
0.6478431403320283
0.6627203755229711
0.6294430296858773
0.5685386556461454
0.555710935279727
0.5817068066224456
0.624624042720534
0.6786433699447662
0.5617907954156399
0.5427542872698977
0.5487062886208296
0.5518575283940882
0.5627559000663459
0.5457063551903703
0.5761486144512892
0.542914180601947
0.5430648340224289
0.5777437437195331
0.5392031346414006
0.5921525605646893
0.585609533008188
0.5407752375826239
0.6499460395495408
0.6055198573549279
0.5061313261808827
0.6300527392644435
0.5884011032655835
0.5722931584164035
0.5678010709304363
0.5708858794244006
0.5006637605484575
0.5750679657387081
0.5751229845536873
0.5175547938533127
0.7862739632111043
0.573125577381812
0.555625437926501
0.5694764837808907
0.5336213170634583
0.479882603129372
0.5630063502253033
0.5338216130062938
0.4889072564020753
0.5315482857469469
0.5911171633787453
0.48173907670099286
0.5361743910424411
0.7048217357955873
0.5072134164073504
0.8455782329067588
0.7085840952647849
0.8219122222522274
0.5859719113423489
0.5238703199829906
0.4932535887453705
0.5684282753039152
0.6116913914335892
0.5428952841768041
0.5678844907833264
0.760658206017688
0.6829983338960447
0.7471964562553912
0.5465289107197896
0.5209484438132495
0.5677041053811553
0.5185936799207702
0.5129344743164256
0.5315474801203236
0.6556773942015134
0.5118249962013215
0.5057936669923365
0.6349909811969846
0.5118622524971143
0.6234074658742175
0.5121800223285682
0.49613023067079487
0.5183368802331388
0.49894345583952965
0.5481003327989019
0.5043185525811278
0.4993946281601675
0.6062523730054964
0.4790560391014442
0.49471777808037587
0.46781702037202194
0.5110020596436224
0.4668608986074105
0.5903241828830215
0.46409635253390297
0.47875314533547497
0.45139975619222966
0.4698390897349454
0.47950890758726744
0.46719294794183225
0.4818433666029014
3.3587782229306176
0.4694365936089307
0.4837459545182064
0.49950305625330654
0.4700692577563459
0.4727174510115292
0.502275483217556
0.5445114816818386
0.48468263484817
0.4675130274798721
0.4435771499829716
0.4447257181983441
0.4750129090475384
0.4405742050227709
1.1976941854681353
0.43304587003961204
0.5594829774987884
0.47289945031283426
0.5487225240115077
0.4194245274628047
0.4093954169965582
0.4412520895064808
0.4355434892696794
0.4698308073868393
0.5894492061873025
0.4253742817956954
0.39242737968009894
0.4474398243618198
0.6363786068903282
0.4349958060858771
0.41159670321026354
0.3813756656497717
0.4308170436072178
0.41592138875229284
0.4180133686612826
0.6725810459826608
0.45783292365050876
0.42835940584354104
0.43309358482947574
0.6534192663226277
0.47550188347307265
0.38581846966117156
0.5149903840093611
0.513948434360791
0.4042678259528475
0.4075607586560072
0.37805421301489694
0.37328187257319223
0.4157303796522319
0.36667758110712023
0.3755971628777952
0.39498362779081797
0.4133326914210338
0.40326329621305923
0.36584152134547093
0.3732681462266482
0.5633996677035465
0.4024320131606655
0.35996715007344027
0.33784730644559025
1.2825363900220255
0.33224408337508793
0.3436060934658162
0.37889559907149306
0.3221388014401309
0.3817831535887672
0.7525989007053431
0.6315541460309687
0.4663601689628849
0.3595575989828212
0.3511399790303549
0.39257973164564464
0.5830706337953762
0.31899506256030874
0.34756030484648365
0.3516395927430422
0.39220857014227656
0.32879211993247737
5.848946245640982
0.35760180991876406
0.33440109945088625
0.3483475691642379
0.3070951306568338
0.33531923448084855
0.3152538112532566
0.3240901388188067
0.4524794327284326
0.4525444605279481
0.3594328017791559
0.3711651448893826
0.3779135456054701
0.2991065849508891
0.6073688996751662
0.3120446443480396
22.46902605782508
0.3167234106166434
0.35005240482714717
0.33653144476350283
0.3153813909033779
0.3266885973141907
0.3280978215128707
9.905884381931916
0.3360174424295255
0.34801150949018483
0.33679975450434724
0.3099492469816687
0.35569357140234203
0.47767213568999434
0.336808993507133
0.29047160708208686
0.31070446434326365
0.35319477650431325
0.29958369286863307
0.3092095534499093
0.7947510305044125
0.3149853253876936
0.2919479162939679
0.35051776693892317
