2.106469007015228
1.724951862156391
1.6227948684692384
1.6232861075401306
1.5977344172596932
1.5855342296361923
1.5781642162799836
1.6033602159619331
1.5892136457264423
1.6428903046250343
1.572726567029953
1.5967023355960845
1.5372907537817955
1.4892260972559452
1.4937504438459874
1.5228769194185734
1.5236406903862953
1.52444505956769
1.466845151245594
1.55844423443079
1.466943531781435
1.4844088940024376
1.4687135255932808
1.5407019955813885
1.382910712480545
2.4805007869005204
1.430062249109149
1.4939908920750022
1.4315118823945523
1.4756155334562062
1.3787764438390733
1.447997213050723
1.494424114793539
1.3930857429653407
1.4628621994107962
1.446920447692275
1.4150111641287804
1.405579928904772
1.4124966575205327
1.4480504484176635
1.4872761526852847
1.497240784496069
1.4786649530828
1.4741989992856979
1.405217966645956
1.4231337033510207
1.6352894326448442
2.2625810603797434
1.419642763376236
1.44990896576643
1.5859360040724277
1.4332352646142243
1.7518663755059243
1.4225192726254463
1.420587673664093
1.675918933019042
18.073563792407512
1.6261877471208572
2.5082483058571814
1.5244163852334023
1.3783233191668987
1.5214627622067929
1.5903327907919884
1.4709812155663966
1.511238027945161
1.8692781529426574
2.044909008562565
2.3502576032727958
1.6048434006869794
5.744945220589638
2.040517406463623
4.280663501471281
3.218029595851898
1.7910078700184822
2.5709925610125066
2.865588217884302
2.688741627931595
2.342248317211866
22.332375925540923
2.31834910723567
2.1369686270356176
2.0185331932604313
1.9845915106534957
1.9728024931550026
2.880850253254175
1.8898387740552425
2.52100018543005
286.00777703401445
11.774673702418804
19.702856668293474
3.0923688719272615
2.259741842776537
1.8768056219220162
11.376674656629563
1.7856173114478588
12.860872685402631
1.726080643683672
3.3747943992316722
30.078636125683783
3.2431716579198837
2.237172447144985
520.7185143575073
14.282667859256268
10.821441585987806
4.853473364174366
3.80079514375329
3.174890619456768
38.680691601514816
13.53080507862568
7.09110117122531
22.61239963695407
4.900334231734276
7.331414651304484
2.5966386801600456
2.1135278629660608
1.9006370158791541
23.251180335402488
7.39510106164217
8.78378857898712
3.743177388012409
4.251302457034588
4.118767166852951
2.1810936910510064
73.58949091738462
4.996087949335575
30.343304979205133
18.27835349869728
119.7890238224864
9.673069854021072
2.2092623180150985
2.5856676822304725
3.2682864679694177
5.02616361707449
2.182593030154705
2.860384070277214
2.07101991635561
32.04956749403477
70.13261551356315
2.4690575119256972
2.308132158994675
2.3081736698150634
2.307953773021698
2.3074464948177336
2.30776784658432
2.3067293729782103
2.306607352733612
2.3066870214939117
2.3066282682418824
2.3073074753284453
2.307355689287186
2.3062665219306946
2.307519637346268
2.306883028268814
2.306950023174286
2.3076143960952757
2.3067157118320467
2.3072724983692168
2.307098469734192
2.3076309440135954
2.3067462224960327
2.3074020240306856
2.3070595746040343
2.3065727632045747
2.306200028181076
2.3053549904823303
2.306185809850693
2.3076286082267763
2.3064889922142027
2.3060415403842924
2.305833145618439
2.306222247838974
2.305996612071991
2.306502389431
2.3063132615089414
2.305995580434799
2.306337770462036
2.306287663459778
2.3062102954387664
2.3060064404010774
2.305666037082672
2.305981546163559
2.30604590511322
2.3065525007247927
2.306054534435272
2.3066060426235198
2.305854665517807
2.3058744361400603
2.3054700565338133
2.3063796212673187
2.3060417671203615
2.3065493083000184
2.306658894300461
2.306077035188675
2.305684549331665
2.3050074276924133
2.3057201392650604
2.305693883180618
2.305426218032837
2.3057086176872255
2.3047834117412567
2.305882477760315
2.305581859588623
2.3054699103832244
2.3056154129505155
2.305675109863281
2.3059599838256837
2.3048359987735747
2.306279728412628
2.3053759639263154
2.3060049562454226
2.3060520021915436
2.304829479932785
2.30638577580452
2.3058016042709353
2.3057011282444
2.30558757686615
2.305923853635788
2.3052683391571045
2.3060596075057984
2.3058123993873596
2.3054528195858
2.305432881116867
2.30597305560112
2.3055872280597685
2.30620480465889
2.3057846672534943
2.3051158366203306
2.305504333972931
2.3056575350761412
2.305849272966385
2.3054053502082823
2.3052363820075987
2.30534837436676
2.3057564980983734
2.305179850101471
2.3056413741111754
2.304879883766174
2.3053630137443544
2.305818592786789
2.305329110622406
2.3049166679382322
2.3054401013851167
2.305827427148819
2.3059970591068266
2.3054327743053435
2.305682242870331
2.3058797249794005
2.305595158576965
2.3044117140769957
2.304663420200348
2.305298443078995
2.3057686796188355
2.306345176458359
2.3049422643184663
2.3062019765377046
2.305554241895676
2.305510152578354
2.3055348255634307
2.305536866426468
2.3056137676239015
2.3050297191143034
2.305679940700531
2.304302515029907
2.3047548253536223
2.306209604740143
2.3045311806201934
2.3053659954071044
2.3050033009052275
2.305403272628784
2.3046308391094206
2.305346295595169
2.3053269267082213
2.3057705917358398
2.305784971952438
2.3053402507305147
2.3053495111465456
2.3050473732948302
2.305542038679123
2.305346880435944
2.3050657811164856
2.305741135120392
2.30573269867897
2.305454768896103
2.3051691434383392
2.305380290746689
2.3054548733234403
2.3054630975723267
2.305302476644516
2.3056188805103304
2.305585257768631
2.3053458914756777
2.305401970624924
2.30496081328392
2.305400543928146
2.3053383660316467
2.305783719778061
2.305135931015015
2.30563370680809
2.3058163306713104
2.3054710330963135
2.3058082439899446
2.3049684731960296
2.3056320033073425
2.306021636724472
2.3053411147594454
2.3049645383358
2.3055057542324064
2.3054020848274233
2.305842021226883
2.3048716099262236
2.305877830028534
2.304913541316986
2.305818709373474
2.3053058087825775
2.3054149515628817
2.306173227787018
2.304848331928253
2.3049497191905974
2.3055846683979033
2.304301813840866
2.305224328994751
2.3056177649497984
2.3055721986293793
2.3049912981986997
2.3056394238471984
2.3053270003795623
2.306036860227585
2.3047476804256437
2.3054424946308134
2.3060033655166627
2.3045807309150694
2.305690979719162
2.305112576723099
2.3055993084907533
2.3050468571186067
2.30510848736763
2.3051256253719328
2.305411661863327
2.3052227222919464
2.3056835763454435
2.3052372698783876
2.3042714066505434
2.3050521318912507
2.3057812788486483
2.3055020127296446
2.305393592119217
2.3051927614212038
2.3049527170658113
2.30533132147789
2.3047547886371613
2.3057580134868623
2.3054959495067595
2.304367308616638
2.305578412055969
2.3051503505706785
2.3043514795303346
2.305455281019211
2.3053531095981596
2.3046014161109922
2.3058508474826813
2.30441716337204
2.3048605024814606
2.3059014024734497
2.3051746506690978
2.305746563196182
2.305124294757843
2.304934075832367
2.3049126176834105
2.3053681640625
2.3049722275733946
2.3053415195941924
2.305039920091629
2.305694196224213
2.304948551893234
2.3052474930286406
2.304847464084625
2.303887476205826
2.3057472240924834
2.30505157661438
2.3049424018859863
2.3055447528362274
2.3052879226207734
2.3053423945903777
2.305117486000061
2.3051674859523774
2.305067641735077
2.3047269446849823
2.305174937725067
2.305344795703888
2.305377759695053
2.3046895735263826
2.30524237203598
2.305317760705948
2.305247258424759
2.304651913166046
2.30500995016098
2.3053149809837343
2.305506329536438
2.3052262406349184
2.3049981801509856
2.3053494319915773
2.3054665586948393
2.3047104251384734
2.3054794640541076
2.3050600724220276
2.3053929789066316
2.304830322742462
2.3056763191223144
2.304579468488693
2.3049778530597687
2.3049090456962587
2.304973759174347
2.3053629162311555
2.3044820189476014
2.3050689566135407
2.3054661042690276
2.304844498157501
2.305508455038071
2.3048455665111542
2.3042543535232545
2.3050293457508086
2.304634210586548
2.3048888652324675
2.3055279982089996
2.305175192117691
2.3054166734218597
2.305029641151428
2.3051057784557343
2.305631528377533
2.305385696411133
2.3044126858711245
2.305868499517441
2.3055286536216735
2.3051168069839476
2.304699281454086
2.304449336528778
2.3054312081336974
2.305544180393219
2.304830318450928
2.3049538333415986
2.3051188468933104
2.305098057985306
2.305258754491806
2.305330141544342
2.3052314434051513
2.3057322149276733
2.3048151602745057
2.3042198176383972
2.3053171803951265
2.305154042482376
2.3054756882190706
2.3049512567520143
2.304989580154419
2.3053687245845795
2.3045731925964357
2.3051694736480712
2.3049863305091858
2.3051348586082456
2.3060177631378176
2.3039809749126436
2.3050954027175905
2.305657341003418
2.3039374532699584
2.305107124567032
2.3055510613918306
2.3053558373451235
2.304714722394943
2.3057779982089994
2.305632931470871
2.3051884217262266
2.3048662407398224
2.3053665781021118
2.3056278290748597
2.3048725666999816
2.304950762987137
2.3046768765449523
2.304968928337097
2.3046488795280458
2.3046838994026184
2.305390116214752
2.3051790211200713
2.303871767282486
2.305083608150482
2.304973275899887
2.3050063652992248
2.3051987776756286
2.304452000141144
2.305073367357254
2.3051897959709167
2.3045674204826354
2.30560360622406
2.3049179253578185
2.3054858689308166
2.304656172990799
2.3048703372478485
2.3055831246376037
2.304999413013458
2.3049669914245605
2.305145690202713
2.3042185161113737
2.305352568626404
2.3044331998825074
2.305682740688324
2.3056568648815157
2.3050284850597382
2.3054417679309847
2.3053508887290954
2.304390542507172
2.305296730041504
2.3049713327884676
2.305322018623352
2.3046974952220918
2.3053394043445588
2.305475476026535
2.3052037587165835
2.3050099248886107
2.3046130859851837
2.3047591593265535
2.3048823020458222
2.304985281229019
2.304479615211487
2.304867535829544
2.3048739206790922
2.304635527610779
2.305281156539917
2.3048707103729247
2.305194099903107
2.304508270740509
2.3049705147743227
2.304511966943741
2.3052632715702055
2.3056101417541504
2.3050612750053405
2.305043902873993
2.304795941114426
2.3051666874885557
2.3048830046653745
2.3050154156684877
2.3054641156196594
2.30537633895874
2.3046038534641267
2.3047443063259125
2.30547656750679
2.304830248117447
2.3047763743400576
2.305143610715866
2.304658028841019
2.304884203195572
2.3050574283599854
2.304918488264084
2.3049897110462187
2.3044931511878968
2.305339915037155
2.3044037833213804
2.3053105108737943
2.305394961833954
2.305012149810791
2.305114614248276
2.3054533591270445
2.304482450723648
2.305356502532959
2.304436602830887
2.305558955669403
2.3053074700832368
2.305362495660782
2.3054319849014284
2.3054474811553956
2.304456653356552
2.3052028913497926
2.304540007829666
2.305622385978699
2.3051049597263336
2.3053728590011597
2.3052407982349394
2.304396227836609
2.3056501150131226
2.3053331673145294
2.3053993265628816
2.3054667782783507
2.304903882265091
2.3046290564537046
2.305419499874115
2.305202489376068
2.304769074678421
2.3052987830638885
2.3055957844257353
2.304270592212677
2.305408788919449
2.30511528468132
2.3050123286247253
2.3053146448135378
2.3046909415721895
2.3052296192646025
2.3048442220687866
2.3055419976711273
2.305155072450638
2.304598218202591
2.305389059305191
2.3054844756126402
2.3057186465263366
