2.063932936131954
1.7541367849111558
1.7334073075056076
1.7212526565790176
1.6978152030110358
1.702795070886612
1.6821158045828342
1.6946320828795434
1.7319604090452194
1.7474921814203261
1.6849576573073863
1.7394086097180843
1.622673635005951
1.6900662762522698
1.7208125284910203
1.7454523577690124
1.7426824364364146
1.79656657910347
1.7375426795482636
1.710372230887413
1.8657091801762582
1.8747629794478415
2.027787935435772
1.9531499505639076
1.9127722169160843
1.9382722076773644
1.9656365465521812
2.5616633878946304
2.063258448958397
2.1123782017230988
2.1705389549136163
2.0594871183633803
2.1910452646017076
2.147303926408291
1.9574180824756622
2.129938092291355
2.0426072147488594
1.938044216632843
3.8287034792304038
2.1716957845687865
2.1139696322679518
2.4585322740077973
3.409592874646187
4.901752472519875
3.264645678758621
13.044234110236168
2.068371381998062
2.5172120970487595
3.674150853395462
6.914864846348762
4.6990433442592625
2.840162467598915
2.133285950422287
6.264237132787705
17.439162420630456
9.225122091293334
5.764939386248589
2.307989002108574
54.302701230168346
2.536624230146408
2.382618179798126
2.349796840429306
2.337071715116501
2.3253452730178834
2.317380414009094
2.312649955749512
2.307937963247299
2.3061307830810547
2.3056988296508787
2.303045937538147
2.3029737939834596
2.3029071118831634
2.3028341710567473
2.302950949430466
2.3029447181224825
2.3026874980926513
2.3027624850273134
2.3028383016586305
2.3026767206192016
2.3027319695949555
2.302614634513855
2.302784944295883
2.302820462465286
2.3027538146972657
2.302610188961029
2.3027306110858916
2.302761961936951
2.302766057729721
2.3026906819343567
2.3027423236370086
2.302602313756943
2.3026993186473845
2.3027675347328187
2.3026102986335752
2.3028027670383455
2.3027062389850617
2.302559898138046
2.302785183668137
2.3026543877124785
2.3026733655929563
2.302783632516861
2.302671467781067
2.302707407951355
2.3026636214256286
2.302626840353012
2.3027392666339876
2.3026404042243955
2.302698753833771
2.3026072888374327
2.3027489011287687
2.302727779865265
2.3026701951026918
2.3027298917770387
2.3027112362384794
2.3025648622512818
2.30260231590271
2.302721893310547
2.3027468435764313
2.302782751560211
2.302660236120224
2.3026841213703158
2.302501850605011
2.302789036035538
2.3027590425014495
2.302636323451996
2.3027265655994413
2.3026505374908446
2.302671762943268
2.302649440765381
2.302710176229477
2.3026773216724394
2.3027099635601043
2.302605141878128
2.302736383676529
2.302615699529648
2.3026141204833985
2.3027671823501588
2.302658926486969
2.302645906686783
2.30254878783226
2.302778213024139
2.3026345489025117
2.3026888630390165
2.3027875745296478
2.3026305038928987
2.3026535861492157
2.3026933648586274
2.302619398355484
2.3027148232460024
2.302743594408035
2.302628380537033
2.3026635382175447
2.302658346414566
2.302659574508667
2.302748479127884
2.302742857694626
2.3025873773097993
2.3027077846527098
2.3026645290851593
2.302632137298584
2.3027193546295166
2.302739341020584
2.302622419834137
2.302635978460312
2.3026628551483155
2.3027395670413973
2.3026634202003478
2.3026945853233336
2.302654953956604
2.302590650558472
2.3027481417655946
2.302732668399811
2.302626997232437
2.3026961641311647
2.3026099615097047
2.3025874066352845
2.302676231145859
2.302802799701691
2.302693594455719
2.3027063834667207
2.3026296668052675
2.302603456020355
2.3027258133888244
2.302670172214508
2.3026532537937165
2.3027195575237274
2.3026534695625305
2.3025820066928864
2.3026243288517
2.3026910502910614
2.302733785867691
2.3027020592689516
2.3025952668190004
2.302686458826065
2.302670870304108
2.302646600961685
2.3026990089416506
2.302687381029129
2.3026342651844023
2.302604276180267
2.3026345624923708
2.302739693403244
2.302657838821411
2.302679768323898
2.302638068199158
2.3026386024951937
2.3026036207675933
2.30269030714035
2.3027209305763243
2.3026278729438783
2.3026183669567106
2.302605496644974
2.3026752331256866
2.302707607984543
2.3026669483184814
2.3027252118587493
2.3025517153739927
2.302667379617691
2.3025876903533935
2.3027341549396514
2.302732186794281
2.302676262617111
2.30256880402565
2.302685909748077
2.3026814341545103
2.3026547513008118
2.3026638312339784
2.3026729748249055
2.3026171200275423
2.302583918094635
2.302673938035965
2.3027146623134613
2.3026677062511443
2.3026833848953245
2.3026714267730712
2.302642081975937
2.302668484687805
2.3026705219745636
2.302645488500595
2.302657410144806
2.302670790910721
2.302595549583435
2.302583276748657
2.30266139793396
2.3026604957580568
2.3027692136764526
2.302585765361786
2.302596012830734
2.3026214408874512
2.302628224134445
2.3027859535217283
2.302664172410965
2.302542658090591
2.3026837136745453
2.3026947996616363
2.3026326382160187
2.3026814160346984
2.302740184545517
2.302527785539627
2.302560901403427
2.302457587003708
2.302956732034683
2.3027078182697296
2.3026662907600404
2.302641886472702
2.302632729053497
2.3026291298866273
2.3026843123435974
2.3026430122852326
2.3026887617111207
2.3025917608737947
2.3026536900997163
2.302640329360962
2.302710450410843
2.302668224096298
2.30265242767334
2.3025699582099914
2.3026564724445344
2.3027062714099884
2.3026493651866913
2.302597684383392
2.302717928647995
2.302591622591019
2.302565126657486
2.302649877548218
2.3025917825698854
2.302735981464386
2.302684947729111
2.3026303627491
2.3025742156505586
2.3027296805381776
2.302669565439224
2.302668743133545
2.3026873016357423
2.3026273822784424
2.3025772495269776
2.3027476062774657
2.302635367631912
2.302684915781021
2.3026696910858155
2.3026199955940245
2.302668755531311
2.3026397631168365
2.302665546178818
2.3026563248634337
2.302668618917465
2.3026385827064515
2.302585568666458
2.3026788668632507
2.3025702266693115
2.302670644044876
2.3027216141223907
2.302584227323532
2.3026163103580477
2.302696729898453
2.3026562445163727
2.302665591239929
2.3026604747772215
2.3026521792411803
2.3026110453605653
2.3026225831508635
2.302613053560257
2.3026749098300936
2.3027048494815827
2.302511565208435
2.302635626792908
2.302680838346481
2.3026495563983915
2.302690657377243
2.302686346530914
2.3026200387477873
2.302597710847855
2.3026818294525144
2.302676563978195
2.302646527051926
2.3026734807491303
2.302535591363907
2.3026642632484435
2.302684427022934
2.302674117088318
2.3026347632408144
2.3026660459041595
2.3025445218086245
2.3026257688999174
2.3027144100666046
2.3026298604011535
2.302672469854355
2.302691750049591
2.3026058092117307
2.3025637021064758
2.3026941139698027
2.30270041513443
2.3026645245552064
2.302647038459778
2.302581842184067
2.3026840839385985
2.3026240611076356
2.3026544463634493
2.302602557897568
2.3027105269432067
2.3026117420196535
2.3026153604984283
2.3026071920394897
2.3026298093795776
2.3026997218132017
2.3026620373725892
2.3025973882675173
2.302524852991104
2.302754776239395
2.302596474647522
2.3026812143325808
2.3026743464469908
2.3025759584903716
2.302672577857971
2.3025731108188627
2.3026340494155884
2.3026546468734743
2.3027456455230713
2.3026279065608977
2.302596314191818
2.302641299009323
2.302686583518982
2.3026202375888825
2.3026753704547884
2.3026040501594545
2.3026467001438142
2.302590039014816
2.3026600821018217
2.3026952755451204
2.3026704721450804
2.3025934383869173
2.3026526851654054
2.3026893842220306
2.3025969786643983
2.3026246066093443
2.3026883673667906
2.302557697296143
2.30265870308876
2.3026188552379607
2.302586287498474
2.3027653353214266
2.3026590135097504
2.3026447112560273
2.302592890024185
2.3026207258701326
2.302618558883667
2.3026668193340303
2.3027035419940947
2.302583682060242
2.3026193017959593
2.3026059260368346
2.3027084155082704
2.302626688480377
2.3026832427978516
2.302540783882141
2.30261204624176
2.302628719091415
2.302609765768051
2.302747740983963
2.30268971824646
2.3025955188274385
2.302654222011566
2.302625099658966
2.3026253190040586
2.3026914081573486
2.3026549594402312
2.302618463277817
2.302595462322235
2.3026581964492796
2.30264262342453
2.3026494088172913
2.302680993080139
2.3026125531196593
2.3026179120540617
2.302620690584183
2.302622629404068
2.3026661405563353
2.3026896233558656
2.302609475851059
2.302607686519623
2.3026739554405213
2.302631560087204
2.302715877532959
2.3026533036231993
2.3025685963630678
2.302538544893265
2.3027301433086396
2.3026149411201478
2.302665558576584
2.302653507709503
2.3026090540885926
2.3025379374027253
2.302722489833832
2.30265541934967
2.3026357245445253
2.3026540796756745
2.3025935468673704
2.3026232566833498
2.3026441774368287
2.3026609151363373
2.3026265230178833
2.302695530414581
2.302581598043442
2.302587864637375
2.3027039568424224
2.3026407709121703
2.302653633117676
2.3026658329963685
2.3026064126491548
2.302606076478958
2.3026105854511263
2.302665996313095
2.3026880571842194
2.302619593381882
2.302603784799576
2.302633725643158
2.3026640734672545
2.3025966715812682
2.3026739912033083
2.302668053627014
2.3026111578941344
2.302656303167343
2.3026063096523286
2.3026517355442047
2.3026310005187987
2.3026719651222227
2.3025646362304686
2.302662377357483
2.3025829477310182
2.3026289658546446
2.3026855664253234
2.302678528547287
2.3026148209571837
2.3026082148551943
2.3026682550907136
2.302636994600296
2.302624294757843
2.3026775777339936
2.3025967667102814
2.3026392726898193
2.302600107908249
2.3026624801158904
2.3026812512874604
2.302650176525116
2.302594766139984
2.3025754034519195
2.302605919122696
2.302646670341492
2.3026745197772978
2.3026731390953064
2.302593129396439
2.302634642124176
2.3025878064632415
2.3026817278862
2.302621400356293
2.3026965165138247
2.3025683131217956
2.302581707715988
2.3026376366615295
2.3026274344921114
2.3027456846237184
2.3026487698554994
2.302546872138977
2.3026934473514555
2.3026203470230104
2.302651887655258
2.302666114330292
2.3026353206634522
2.3026311819553373
2.3025680525302885
2.302619508266449
2.3027126462459564
2.302628787755966
2.302636713027954
2.302642032623291
2.302565776348114
2.30267888379097
2.3025851485729216
2.302686027765274
2.3026639227867127
2.3026097457408907
2.3025704517364503
2.3026689472198485
2.30265057349205
2.302637232542038
2.3026636514663696
2.3025768220424654
2.3026500024795533
2.3026439990997316
2.3026112723350525
2.3026527383327484
2.302677281141281
2.3026284601688385
2.3025822360515593
2.3025623705387117
2.3026951336860657
2.302625438451767
2.3026803534030913
2.3025936245918275
2.302639468431473
2.3026059250831605
2.3026112880706786
2.302677209377289
2.30265847826004
2.3026228761672973
2.3026413333415987
2.3026509256362915
2.302620260000229
2.302637839794159
2.302645205259323
2.3026155502796173
2.3026433238983155
2.302590069770813
2.3025950605869294
2.3027132742404937
2.3026245033740995
2.302615635871887
2.3025405802726744
2.3025883400440215
2.3026467649936677
2.302757107257843
2.3026553838253023
2.302617238521576
2.3026378157138825
2.30260179233551
2.3026180663108824
2.3026876044273377
2.302636668205261
2.302635073661804
2.3026036071777343
2.30258731675148
2.302647227525711
2.3026743500232696
2.302654630899429
2.3025895559787752
2.3025926878452303
2.302669492483139
2.3025773108005523
2.3027009756565096
2.3026729152202607
