1.9799097638130188
1.5448128226399422
1.4572614295482635
1.3612479899525642
1.3782908796072006
1.3481425235271454
1.2386039423942565
1.2826689156889914
1.2863997032940389
1.198904735326767
1.3630236788094043
1.6021807017326355
1.1626247988641263
1.1757582855224609
1.2193694895505904
1.3740027817487717
1.161468168079853
1.20784367531538
1.1679240792691707
1.2203325000405312
1.1524295682311059
1.1641455420255662
1.157148874491453
1.1751213243454695
1.1475615319013595
1.2008685021847487
1.2305363919734955
1.1621165793836117
1.219356821835041
1.1851991033554077
1.1818563397824764
1.1679834286868571
1.14607799077034
1.1593568217009307
1.2076776392757893
1.9091284055411815
1.1283422726690768
1.1664659053683282
1.196195196852088
1.1504380442202091
1.164106789290905
1.1773526730537414
1.1227943094074726
1.1522403038442135
1.15396961581707
1.1469971274286508
1.1604093249440193
1.1649986877590417
1.2557550435960292
1.1086181948184968
1.3615885541290045
1.4394568722844123
1.1657650237083435
1.1200883457362651
1.2411048372387885
1.1266356259584427
1.1000469315052033
1.1183911751806737
1.0923205915540457
1.125487226396799
1.0989060874432326
1.0974384803473949
1.162740597754717
1.1134292825609446
1.275834919631481
1.1752503741830587
1.171214315906167
1.1823483155965806
2.6696051573753357
1.1285208788067103
1.6484436411261558
7.459934383586049
1.1139850617945195
1.4596519133746624
1.0799893146306276
1.9167561828792095
1.6656887014061212
1.182232999995351
1.4442029312551021
1.2276987591832875
1.193761971846223
1.153661037698388
1.1353340247124433
1.4058844270110131
2.819570374548435
1.3842318383455277
1.2256146457791328
1.1288502835333347
1.3430189251601696
37.6420926348269
1.1063834020793437
41.43797751922905
1.667253505587578
14.209455295547842
1.1493944517672061
1.2310599229037762
2.745595469176769
1.424230005443096
1.5719149947166442
1.3080373085141181
1.7827921867668628
1.3228997558951379
1.4564167510271073
1.266048240467906
1.3044654780477285
1.4630128812044858
1.2369295704066754
1.3741490560472012
1.8742565765082837
49.17598268969357
1.5011381566226483
1.3496642224937678
1.3440865694880486
1.2841034140139818
1.3465019854605198
1.9235568805336951
1.3100367122292518
1.6015949591547252
1.2150722643584013
2.7143907379060983
1.5762839495688676
9.214646571084858
1.1183439807295799
1.3218056835830212
1.6843345477581024
1.2844445091784
1.1441118337064982
1.1846100490614773
1.2957706412822008
1.3050532372519374
6.034094788715243
1.6840146755874157
3.9374874543100598
2.065882544294
1.2149316557645797
1.261134215593338
1.6974052778929472
1.489792634256184
1.2717643417343498
1.1909600160121918
1.5774473888128997
2.1628047918975355
3.5560791317522527
1.2886230360716582
1.366051001816988
107.38273742589355
3.1347821739017965
1.1476274176239967
1.2777061681002377
22.8415760730505
1.3225634606182575
1.3640834260582924
1.1257938148528337
1.246705302491784
1.222083887949586
1.3134790238440037
1.1046276048123838
2.141905017644167
1.5635257309824229
1.2558337577432395
1.4095874952077865
1.487887343555689
1.1150468882918358
1.248566225335002
1.7368939357697963
2.0919385452568533
2.3460938639938833
1.295622526884079
1.2372691467255355
1.2840858563557267
1.4042686417400836
1.1308369951695203
1.9344163288921117
1.235302142560482
1.1495569680333138
22.106658113598822
7.115033420741558
63.11241596096009
4.661875515088439
1.9546136995255947
1.893577663987875
3.557690923422575
1.3920847757458688
1.1349174482226372
12.355170137375593
1.6524436509013176
4.45792930842936
3.591053805574775
1.7240507632791997
4.726596257656813
2.775681678712368
1.2398173295706512
2.027630719438195
1.2254222613424062
2.507441488623619
1.166741360962391
2.306918126374483
1.5997864349931479
1.3274123470187187
3.5383423278406263
2.1951764640808107
1.2675977773070335
2.066453196026385
11.62885612140596
34.94914291289449
3.802431134134531
1.6382804105728865
3.173303140066564
1.421338626474142
1.1862659594714642
2.2778016777411105
51.174849924057725
1.069980828344822
47.14278464706242
7.2396032556444405
1.1945466169342398
1.629779607385397
2.691425480209291
1.4711657122671604
1.677122265458107
1.5088017375916243
1.1992766417711973
1.2075404868870974
1.076630385428667
2.106636886611581
1.9155294689536095
56.4636213356033
1.6047911880612373
1.092285098016262
2.835785072416067
5.606004644840956
1.1259334102123977
11.444569104000927
1.3743954139053822
1.1205925328731536
0.9943802811205387
2.0963740598857403
1.3936101276651025
1.6471592940092086
1.4947870195508004
4.256617377981543
1.2910992155373096
1.3923702976107597
1.4156721167564392
63.275435312509536
1.3447064985185861
1.6534334804564714
3.1132330017238856
1.4650820138454437
1.4532252155169845
1.3619917892068625
2.6394621768295763
2.420300398916006
1.0578073329627513
1.1391238794773817
1.5628005547821522
1.3816846603900195
1.6445654606372118
1.5998646856695413
1.3535629575699568
5.476123270899057
1.7885103654116392
1.6011823405772447
1.1310137683451176
4.9768863323479895
2.5404457070976494
1.7843223333954812
1.042056158348918
1.0329813223853708
1.5242319557368755
1.7912556645572186
16.40025721897185
2.0676400992125274
5.247708989843726
1.5677738235890866
1.5349642780348658
1.477185453504324
1.1000661025643348
1.052882661625743
4.588263854846359
1.3236204464286565
1.3899511678889394
11.27614685127139
2.370125273987651
1.3580178818702697
1.5177956778556108
7.452629336565733
12.938449720874429
1.0322975461483002
1.4114538608044387
1.9928950830101966
2.403827194392681
1.3199386294782163
1.5310954945832491
3.1939530352056025
1.5311828065663575
106.28951017569005
21.658769569829108
6.589847771696746
2.8606803260445597
