1.810764348268509
1.2524278789758683
1.0452322581112385
0.9109805580973626
0.8606672390699387
0.825493971735239
1.215699776917696
0.7369595005363226
1.0425373266413809
0.8051026329994202
0.7210608453154564
0.6826152387708425
0.7160501123517752
0.6552398605197668
0.6810959185361862
0.6669685827940702
0.6736891406029463
0.6670715986192226
0.5867467973381281
0.5906484914198518
0.7072490064948798
0.5658054340556264
0.7057463281005621
0.5315451351031661
0.6258360764496028
0.5510226378589869
0.5786949765905738
0.5241135970428586
0.4968020961359143
0.663499710585922
0.49031894582509994
0.4723480278328061
0.51013337251544
0.5233985075727106
0.6026767380833625
1.5276732894442975
0.5022734292037785
1.4760056007131934
0.42687500588502736
0.42092416010797024
0.4095931357964873
0.39043069271743297
0.5878879832886159
0.4308961989171803
3.8778431337606163
1.4042005672389641
0.37011208189278844
0.4378679437804967
0.3876103269737214
0.5067281457884237
0.8822303409464657
0.352317604187876
0.4653465590374544
0.41248757199430836
0.3427732125641778
0.34200904273614285
0.3396630857279524
0.4460103012043983
0.3198875376475044
0.3219133301912807
3.725383572055958
0.4111753130322322
0.31406639437749984
0.31511356598790735
0.32849193932302295
0.2824788068274502
0.3160038934997283
0.31060066922940316
0.29643170919362455
0.2948276763805188
0.5081406788390596
0.3014423001022078
0.2805728787314147
0.303314097746741
0.299110720153898
0.2889662930603954
0.301527579583395
0.27442060853296424
0.35395690517115874
0.2869655121859978
0.29303042340511454
0.24557692125299946
0.327519935754477
0.47835552051820196
0.3026410604049088
0.27470887782087083
0.27510565124463754
0.276005008672204
0.25645092781382844
0.2886905897950055
0.2672914094045991
0.22843149959947914
0.21708108043606625
0.3006343490578001
0.2580825483977096
0.2953332879772497
0.23283151287589135
0.24769618188316236
0.3706592371108454
0.28780206014585563
