49.466
64.176
72.566
79.38
81.788
86.714
85.82
91.73
93.09
94.52
95.122
96.414
96.792
96.528
96.83
97.844
97.686
97.892
98.34
97.63
98.222
97.294
96.67
96.592
97.358
98.812
97.64
96.218
98.892
97.676
97.844
98.638
97.848
99.242
99.12
98.948
98.976
99.13
98.896
98.864
98.982
99.112
97.684
98.236
98.706
99.038
98.382
98.496
98.33
99.496
99.338
98.9
99.38
98.994
99.218
99.556
99.322
99.16
98.684
99.54
99.164
99.054
99.036
98.974
99.08
99.302
99.316
98.646
98.644
99.306
99.626
99.488
98.88
98.624
99.336
98.158
98.878
99.238
98.73
98.396
98.982
99.368
99.516
99.276
99.394
98.99
98.278
98.096
98.99
98.83
99.096
99.368
99.664
99.5
99.4
99.166
98.986
98.482
99.436
99.38
