43.625531914893614
60.5
72.87021276595745
78.60851063829787
84.77872340425532
91.43191489361702
93.63404255319149
94.73829787234042
94.41702127659575
97.19574468085106
98.24255319148936
98.58510638297872
98.59574468085107
98.62765957446808
98.82765957446809
98.61489361702128
99.44893617021276
99.12127659574467
99.26382978723404
98.64893617021276
99.2595744680851
99.43404255319149
99.41702127659575
99.45531914893617
99.59787234042552
99.67021276595744
99.53191489361703
99.51063829787235
99.31702127659574
99.50425531914894
99.6063829787234
99.29148936170213
99.59148936170213
99.80212765957447
99.73404255319149
99.74893617021277
99.56382978723404
99.73829787234042
99.45106382978723
98.77659574468085
99.89787234042554
99.35106382978724
99.82340425531915
99.76595744680851
99.63191489361702
99.73404255319149
99.7872340425532
99.87446808510639
99.63617021276596
99.67446808510638
99.83191489361703
99.70638297872341
99.63829787234043
99.42553191489361
99.78936170212766
99.6936170212766
99.79361702127659
99.81489361702128
99.88510638297872
99.87659574468086
99.87021276595745
99.76170212765958
99.61063829787234
99.63191489361702
99.73404255319149
99.76808510638298
99.83829787234042
99.79787234042553
99.72765957446809
99.77234042553191
99.76170212765958
99.78510638297873
99.58510638297872
99.77234042553191
99.74893617021277
99.6936170212766
99.77021276595745
99.82978723404256
99.67446808510638
99.69787234042553
99.87234042553192
99.79787234042553
99.00638297872341
99.82553191489362
99.77446808510638
99.58297872340425
99.78936170212766
99.78510638297873
99.61276595744681
99.86170212765957
99.64468085106382
99.84255319148936
99.7595744680851
99.87659574468086
99.85531914893618
99.97234042553191
99.78297872340426
99.87659574468086
99.90212765957448
99.86382978723404
