48.3
62.06808510638298
71.3
77.83617021276596
81.24255319148936
84.66382978723404
86.13404255319149
89.21489361702127
92.04468085106383
93.39574468085107
93.6
94.3340425531915
94.02978723404256
97.03191489361703
96.84255319148936
96.7127659574468
97.48085106382979
96.47234042553191
97.37446808510639
96.79148936170213
97.26382978723404
98.50212765957447
98.59148936170213
98.32127659574468
98.72553191489362
99.03191489361703
97.83617021276596
98.90212765957448
98.57234042553192
98.3595744680851
97.42127659574469
98.67446808510638
99.36808510638298
98.46595744680852
98.82127659574468
99.09148936170213
98.3531914893617
99.00638297872341
98.8936170212766
99.16808510638297
99.11276595744681
97.88297872340425
99.26595744680851
98.88723404255319
98.0127659574468
98.81063829787234
99.1936170212766
99.51063829787235
99.38936170212766
98.10212765957446
99.11914893617022
99.56808510638298
99.12340425531914
99.48510638297873
98.95957446808511
99.42340425531916
99.4872340425532
99.1
99.38510638297872
99.09148936170213
99.14468085106382
99.42978723404255
99.42765957446808
99.5
99.2
99.39148936170213
99.11063829787234
99.12765957446808
98.65106382978723
99.40425531914893
99.23829787234042
99.27446808510638
99.38297872340425
99.63191489361702
99.5595744680851
99.01702127659574
99.51702127659574
99.37872340425533
99.34893617021277
99.18936170212766
99.6468085106383
99.48510638297873
99.23617021276596
99.51489361702127
99.07021276595745
99.26382978723404
99.52127659574468
99.54255319148936
98.63191489361702
99.6063829787234
99.33617021276596
99.68723404255319
98.8595744680851
99.33829787234042
99.75106382978723
97.88510638297872
99.49787234042553
99.06595744680851
99.51914893617021
99.45106382978723
