1.7756625670194626
1.3357310485839844
1.2161437197327614
1.1509325929284095
1.1600185019671918
1.3586492587924004
1.0818169701993465
7.0725095664560795
1.0871499766111374
1.1731667597591877
1.1043862314522266
1.386785486370325
1.1764300061762334
1.2041203932762146
1.4790395110845567
1.1423102376163006
1.2845675123631954
1.3804595202803611
1.1832758255302906
1.3654512948393822
1.201504956126213
1.3386845283508302
1.1543178474009037
1.2286825149953364
1.1250798026919364
1.395342613607645
1.2101820588111878
1.1923224570453166
1.3527004153430462
1.126286404967308
1.2183369569182396
1.1584079808294774
2.094811364620924
1.1418491148352623
1.2080501871407032
1.1003228517472743
1.2092234537005424
1.6221445332169533
1.1415611662268639
1.1276867219507694
1.1817910305261612
1.149391675055027
1.0324716629683972
1.192532168596983
1.4619791670143605
1.1648711238503455
4.418248988747597
1.1137839541137218
1.086455132097006
1.0742384485602379
1.04638870754838
1.0389993151426316
1.1221298654079437
86.46458276435733
1.2569810871779918
1.7314852003455161
1.021781519383192
1.0050312461853028
1.1272395526468755
1.0074778271615505
1.0521636238992214
1.1599263214468956
1.0635825388133526
1.0579666784256696
1.2556428443789482
1.408529797166586
1.1581131316423416
1.07074154946208
1.1686740760505199
1.161276835411787
1.1000822456777095
5.879191656023264
1.0907219915986062
1.2385846877098083
1.3187244286835194
1.7127588236927986
1.1837827475667
1.1551110252588987
1.2222830183804034
1.0419221274852752
1.089475880920887
1.351568210080266
1.3155652540922165
1.0277815006375313
1.133143030256033
1.1318439167737961
1.0261835763454437
1.0849245825707912
2.329410528957844
1.01446453922987
1.071707168519497
4.906961223423481
1.0163434821069242
1.1056301583349706
12.647717989295721
1.0920962754786014
1.1053808913826944
1.374648099720478
2.3416095974445343
1.026672381579876
