1.770014302968979
1.2366410070061684
1.006177007138729
0.902967305406928
1.366256814032793
0.8755372727066278
0.7417952560037374
0.737893182888627
1.3649642654582859
0.6258183633536101
0.5895545158311725
1.0518221835941077
0.5392190693169833
0.5261303566619754
0.49357611829414966
0.48224159486219287
0.4718549991622567
0.4450372818596661
0.5269358204416931
0.4154158077277243
0.4778808887116611
0.4147274834830314
0.45719719665683806
0.36403774800896643
0.3565528336558491
0.3942602616287768
0.33612522500846537
0.40121605940721927
0.3584477044008672
0.5959610139210708
0.34933397818729284
0.34643968658335506
0.3831545838722959
0.35364701788593084
0.633894530816935
0.3131724878111854
0.333720398068428
0.31628510131454096
0.32698137253429743
0.31345170383621007
0.485530761571601
0.29702467295713725
0.31045387086248954
0.39932076165708713
0.2953250768944854
0.29314049469691233
0.28844446477247404
0.31450383309135216
0.30280006945942295
0.28024921579519285
0.39331387585541233
0.2633968499841867
0.26297358046332375
0.2764613711598795
0.2986260996209458
0.3377196050191997
0.2584091786592035
0.30378118239715696
0.29731095662643203
0.2991075726640411
0.25374780305533207
0.233817088833428
0.3787250898241764
0.25119102319484227
0.3718113024785416
0.22900992314430185
0.30606994719896463
0.34178606038400905
0.3067902960483916
0.29762894688808594
0.3517083914903924
0.22309148447983898
0.35688186546317774
0.21761281971756763
0.20784757382847602
0.308435250813347
0.2211774563253275
0.24670263986405916
0.2085973541099229
0.26974385094440734
0.23516363807303786
0.18632648573836194
0.20056848388182696
0.19922163617303887
0.2574260055377381
1.544975893883704
0.21223085477831047
0.23947231827670476
0.21629530645843262
0.4118430395502219
0.3220325441150126
0.1844398626595721
0.2039218190163083
0.3059860306007904
0.2232799595945253
0.23951904608941185
0.20417717773490585
0.33595550223920145
0.17607781435007927
0.16916618504809958
