1.8000267462730408
1.213785634279251
0.9447339646816254
0.7842125834226609
0.6516841115057468
0.5420709145441651
0.46504518254846333
0.3840967849120498
0.34350640887767075
0.3032828161865473
0.2338610043018125
0.20019752411032096
0.1826920762769878
0.1793625317941769
0.14500854840909597
0.14897850935917814
0.12870951815729495
0.1057380988165387
0.11296888829307863
0.09602171019586968
0.09708007689957594
0.09046357527683722
0.08424892032215575
0.08170969802527907
0.07747939397839218
0.077265983794774
0.07621190507228312
0.06619712990781408
0.19922401705420914
0.08645674313080372
0.05759568861547723
0.06502705878421511
0.06615585133359674
0.0640542377891893
0.06350594695863765
0.06986039127305048
0.06618484872279362
0.05361389868538549
0.06314059051661025
0.06262052787920812
0.054244988136712406
0.054642051918413016
0.06608997411267115
0.05727876935667746
0.05025471471958121
0.05315124835905635
0.054693402869249896
0.07216611014378194
0.04508548555241538
0.07470357056065251
0.055156988441356816
0.06352385249702613
0.05976272116767063
0.053013105186770756
0.05878446403065132
0.07801141231814637
0.050878264805984286
0.048695335862970125
0.05954027181767046
0.05664124892029086
0.06246695840511993
0.04782169048097961
0.03629085319419181
0.043628260225969426
0.04726222002022081
0.05069485798100057
0.044778895602678434
0.04078741736467367
0.044334785973063506
0.05001097491379854
0.04889548532372214
0.048897398998960985
0.07480112633104878
0.05658302549615852
0.04858809169771456
0.037848319769695965
0.052450333106847234
0.04088237200483968
0.0540183359767485
0.053517474094207845
0.03648156000321852
0.05532939375798525
0.04913648540199689
0.05058284681956898
0.07226293418047622
0.054062722948931
0.03776135259157899
0.04880814041599492
0.04750707390183317
0.10514696689748652
0.041234746445259825
0.05423791103790393
0.048372161037275645
0.04170038409481334
0.03708300937578515
0.043602661942907406
0.042554629436425975
0.038792047794647705
0.04581200585289484
0.04640968272293786
