31.206382978723404
37.82127659574468
41.53829787234042
46.67872340425532
48.91702127659575
51.90212765957447
51.93617021276596
53.92340425531915
53.54255319148936
56.46382978723404
56.39574468085107
56.38085106382979
56.806382978723406
59.58297872340425
60.227659574468085
60.64255319148936
61.03404255319149
61.89148936170213
62.246808510638296
63.11914893617021
62.736170212765956
63.90638297872341
63.99787234042553
64.52127659574468
64.61914893617022
64.94255319148937
65.11489361702128
65.47234042553191
65.7595744680851
65.62340425531914
67.06808510638298
65.94255319148937
67.11063829787234
67.34255319148936
67.60425531914893
67.83829787234042
68.11702127659575
67.56595744680851
68.18510638297872
68.42978723404255
68.22765957446809
68.8468085106383
69.3468085106383
69.1936170212766
69.76595744680851
70.3595744680851
69.98085106382979
70.04255319148936
70.06382978723404
70.5468085106383
70.71914893617021
70.74255319148936
71.28297872340426
71.48085106382979
71.27659574468085
71.71063829787234
72.00851063829788
71.81914893617021
72.2468085106383
72.70425531914894
71.6
72.98936170212765
71.05319148936171
73.38723404255319
72.68723404255319
72.20425531914894
73.75744680851064
73.54042553191489
73.4
73.37446808510639
74.37234042553192
74.2
72.61063829787234
74.11702127659575
74.99148936170212
74.67659574468085
75.06595744680851
75.48510638297873
75.38936170212766
75.4404255319149
75.34042553191489
75.67021276595744
75.91702127659575
75.95957446808511
76.17446808510638
75.96808510638297
75.88297872340425
75.60851063829787
76.5
76.65531914893617
76.29574468085106
77.4063829787234
77.08936170212766
77.16382978723404
77.24255319148936
77.42553191489361
77.75106382978723
77.29148936170213
77.63404255319149
78.12978723404255
