2.592428728222847
1.927508346915245
1.7405117069482803
1.624629634141922
1.5446920385956764
1.4843635620474815
1.4112426773309708
1.368716283738613
1.3518145877122878
1.29621797645092
1.2748183700442315
1.267217022240162
1.2202428149580955
1.2059528403282165
1.1815555632710457
1.1568375644385815
1.1347919804751874
1.1368499557077885
1.1029010896384717
1.1080551733076573
1.0790440601408482
1.0518891006112099
1.064020057052374
1.0484165371954441
1.0196444469988346
1.0270550139844417
1.0111659974753857
0.9945679370164872
0.9839494416415692
0.9858142127990722
0.9579354149401188
0.9650809493660927
0.9553410722613335
0.9217819201648235
0.9398935548961163
0.933388327151537
0.9001349296569824
0.9051998780071735
0.9229777896404266
0.8906238381713629
0.8845627713799477
0.884110566675663
0.8794536819010973
0.8572414292395115
0.863647598952055
0.8401678757667541
0.8531331051588058
0.8476164706200361
0.8223078722506761
0.8299838974922895
0.8311669510006905
0.8094153567701579
0.8133661713600159
0.8132998892366886
0.7863832900673151
0.8022983758896589
0.7974383510947227
0.7680810295641423
0.7933353743702173
0.7753983701765538
0.7627072053551673
0.7636547272801399
0.7676715776622295
0.7469359218031169
0.7579051881283522
0.7442662367373705
0.7247761008292437
0.743277158588171
0.7405768126100302
0.7079376409202814
0.7294728221297264
0.7318900589793921
0.7159942557513714
0.7138349616974592
0.6993952167630195
0.6949104186743498
0.6866590239554644
0.7048991807997227
0.684602395310998
0.6770010979026556
0.6892190596610308
0.6664054955244064
0.667058816820383
0.6724429808333516
0.6505734920650721
0.6554682247787714
0.6711110304296016
0.6484360032379627
0.6405456649586558
0.6492816804796457
0.6322750119268894
0.643106937751174
0.6273450691103936
0.6279485965818167
0.6245404947847127
0.6189906427562237
0.6085272613018751
0.6068309456184506
0.6203686771094798
0.59138428132236
0.6031059218272566
0.6068639803677798
0.5902923655360938
0.5967538159266115
0.5868124182671308
0.5721303568407893
0.5731399477571248
0.587477643623948
0.5624365016445517
0.5676302684023976
0.5698002912253142
0.5503195093944668
0.555310038998723
0.566347325310111
0.5386547574922442
0.5390299493968487
0.5590344269573688
0.5273332912698389
0.5345507819652557
0.5421649839356542
0.5175485249087215
0.5306677868887782
0.5273845968432724
0.5045451264120638
0.5207381683662534
0.5197180056944489
0.4866182928085327
0.5159772442020476
0.5037344812452793
0.4883331724330783
0.4910064129680395
0.49828993393853305
0.4772939721867442
0.47961359123513103
0.4919752598926425
0.4667074065618217
0.4689551788568497
0.4827476242259145
0.4547529692128301
0.45806658402830364
0.4738134866952896
0.4484462107885629
0.4559455153048039
0.4578238275013864
0.43763811969012023
0.4536202836185694
0.4386078068241477
0.4195598973818123
0.4350674400255084
0.4423449837882072
0.41272032941132786
0.4291065283082426
0.42707781456410887
0.4011406777985394
0.41794174250215294
0.4195415121987462
0.40559400207921864
0.38982878703251483
0.41195715321600435
0.38294776797294616
0.4031908642668277
0.3981039581000805
0.37611631843075155
0.38642804477736353
0.38370463636517527
0.3798809413872659
0.36164616886898876
0.3742907685153186
0.3595074623785913
0.3630902493223548
0.37003009466826914
0.3534414599314332
0.34317398780584335
0.3587072643600404
0.33531090134382247
0.34238060847297314
0.3506818870343268
0.31981406970508397
0.3334211007244885
0.35195014192909
0.3176948135048151
0.32826454915944486
0.32980232810229065
0.3079298589359969
0.3219569431990385
0.3166325729060918
0.2986233447827399
0.3083517108671367
0.31350470535457137
0.2902387543171644
0.3006527577098459
0.2977336240038276
0.27574636695161464
0.29402077734470367
0.29302359809353945
0.27414853708446024
0.2727943158727139
0.2955750256292522
0.2613033657986671
0.2740510149691254
0.2830825880225748
0.2572908133454621
0.26149728092923763
0.26441674007475374
0.23803371898271145
0.2530547170881182
0.26061865101009607
0.24275697903707624
0.24155899176374077
0.2470982081219554
0.22987298039067536
0.2376339087560773
0.24179148832894862
0.2203310569319874
0.2267624081969261
0.2320009091757238
0.2118461491970811
0.21974883213452995
0.2248403984233737
0.2016716674398631
0.21395448017399757
0.21448405283503236
0.20117404401488603
0.19827943505253642
0.2074791027829051
0.18470409511914476
0.1936477682068944
0.20377090486511587
0.187964960613288
0.18200716533977537
0.18373028162680566
0.1699643993997015
0.18235600924608297
0.1823959707794711
0.15899620925216004
0.17237960902415217
0.17846743767429143
0.15983422816032544
0.16422185682225973
0.1602053969753906
0.14734837350156157
0.15096042218385264
0.16595840227231384
0.1455874206274748
0.14454705951688812
0.1575390056958422
0.13406671858765185
0.13655807964410632
0.1481704926006496
0.1278902920105029
0.13187796606495977
0.14345603389362804
0.12418166342098266
0.12522887611808256
0.13336445461027324
0.12386839734949172
0.11730034303758294
0.12171084887068719
0.10843925667507574
0.11875137309124693
0.11586801356077195
0.10362330803181977
0.10900774278398603
0.11275618686247617
0.09438455842109397
0.10233093337994069
0.10873957623867318
0.08915926297218539
0.09455187472328544
0.10499340801639483
0.08565967781166546
0.08749587581539527
0.09480105133773759
0.08255492286360823
0.0861155614014715
0.08900088137807324
0.07453585176123306
0.08241499806987122
0.08190379704837687
0.06627363660559059
0.07323360373778269
0.08350645563565194
0.06358136839279906
0.07148640703689307
0.0701840948909521
0.05967644299729727
0.06672735534678213
0.06797174299997277
0.05759545890893787
0.06048740663868375
0.06046391332393978
0.05140444933669642
0.056104758945759385
0.05981671060412191
0.04526212210187805
0.05220128787192516
0.05600600611278787
0.04793639300670475
0.047570777392946184
0.04921819360856898
