23.892
31.628
33.946
37.774
44.368
43.9
46.146
45.974
49.582
52.012
53.974
51.686
55.73
53.882
57.806
58.194
57.834
58.2
60.57
58.746
60.056
60.068
61.136
61.314
63.338
63.41
64.598
64.262
63.558
64.96
63.138
64.728
64.806
65.834
66.5
67.204
67.18
67.472
67.898
67.82
67.478
68.41
69.886
69.068
70.712
68.68
70.092
71.328
70.94
71.218
71.69
71.78
71.232
71.996
72.206
71.426
72.348
72.31
73.054
73.442
73.492
74.25
74.524
72.86
73.25
74.244
74.802
75.13
73.838
75.058
74.198
75.464
75.264
74.166
76.87
76.668
77.148
76.604
77.248
78.046
76.628
78.014
77.318
78.054
78.586
78.66
78.02
78.772
78.794
79.118
79.396
79.802
79.18
79.702
79.948
80.85
79.902
80.73
80.46
79.636
81.094
80.984
82.04
79.762
80.624
81.91
81.426
82.7
80.95
81.726
82.242
83.522
81.504
83.402
83.26
82.66
84.304
84.642
83.788
83.958
81.702
81.692
84.732
85.332
84.462
85.0
85.728
85.594
86.078
85.52
84.846
85.722
83.426
86.636
86.394
87.49
87.836
86.142
87.306
87.464
85.406
87.044
88.398
87.13
86.882
87.572
88.042
87.746
89.53
87.04
89.112
89.404
88.836
87.858
89.468
89.23
87.866
89.69
90.154
90.296
89.632
90.238
92.274
91.182
89.444
91.09
91.488
90.62
91.544
92.15
91.6
90.08
92.28
91.93
90.644
91.682
93.46
93.338
93.188
92.176
92.114
92.834
92.852
93.556
94.382
91.822
93.958
94.13
94.578
93.248
94.312
94.582
94.588
94.698
93.538
92.624
93.868
93.356
95.676
95.486
95.478
95.558
92.71
94.652
95.902
95.92
94.34
94.822
96.144
96.934
96.794
96.706
96.404
96.654
96.368
94.676
96.812
95.688
96.896
97.292
97.55
96.56
98.168
97.936
98.336
97.588
97.652
97.17
98.274
97.7
98.416
97.698
96.328
97.408
98.466
98.84
96.536
98.814
97.89
98.98
99.014
99.03
98.628
96.69
98.296
98.882
98.692
99.434
99.472
98.634
98.28
99.484
99.476
99.674
99.272
99.388
98.98
99.454
99.804
99.712
99.818
99.656
99.572
99.404
99.842
99.762
99.804
99.718
99.856
99.676
99.878
99.934
99.964
99.95
99.966
99.746
99.982
99.962
99.974
99.974
99.97
99.984
99.986
99.986
99.994
99.994
99.994
99.996
99.998
99.998
99.996
99.994
99.994
99.998
99.998
99.998
100.0
99.998
100.0
100.0
100.0
100.0
100.0
99.998
99.998
100.0
100.0
100.0
100.0
100.0
100.0
100.0
100.0
99.998
100.0
100.0
100.0
100.0
100.0
100.0
100.0
100.0
100.0
100.0
100.0
100.0
100.0
100.0
100.0
100.0
100.0
100.0
100.0
100.0
100.0
100.0
100.0
100.0
100.0
100.0
100.0
100.0
100.0
100.0
100.0
100.0
100.0
100.0
100.0
100.0
100.0
100.0
100.0
100.0
100.0
100.0
100.0
100.0
100.0
100.0
100.0
100.0
100.0
100.0
100.0
100.0
100.0
100.0
100.0
100.0
100.0
100.0
100.0
100.0
100.0
100.0
100.0
100.0
100.0
100.0
100.0
100.0
100.0
100.0
100.0
100.0
100.0
100.0
100.0
100.0
100.0
100.0
100.0
100.0
100.0
100.0
100.0
100.0
100.0
100.0
100.0
100.0
100.0
100.0
100.0
100.0
100.0
100.0
100.0
100.0
100.0
100.0
100.0
100.0
100.0
100.0
100.0
100.0
100.0
100.0
100.0
100.0
100.0
100.0
100.0
100.0
100.0
100.0
100.0
100.0
100.0
100.0
100.0
100.0
100.0
100.0
100.0
100.0
100.0
100.0
100.0
100.0
100.0
100.0
100.0
100.0
100.0
100.0
100.0
100.0
100.0
100.0
100.0
100.0
100.0
100.0
100.0
100.0
100.0
100.0
100.0
100.0
100.0
100.0
100.0
100.0
100.0
100.0
100.0
100.0
100.0
100.0
100.0
100.0
100.0
100.0
100.0
100.0
100.0
100.0
100.0
100.0
100.0
100.0
100.0
100.0
100.0
100.0
100.0
100.0
100.0
100.0
100.0
100.0
100.0
100.0
100.0
100.0
100.0
100.0
100.0
100.0
100.0
100.0
100.0
100.0
100.0
100.0
100.0
100.0
100.0
100.0
100.0
100.0
100.0
100.0
100.0
100.0
100.0
100.0
100.0
100.0
100.0
100.0
100.0
100.0
100.0
100.0
100.0
100.0
100.0
100.0
100.0
100.0
100.0
100.0
100.0
100.0
100.0
100.0
100.0
100.0
100.0
100.0
100.0
100.0
100.0
100.0
100.0
100.0
100.0
100.0
100.0
100.0
100.0
100.0
100.0
100.0
100.0
100.0
100.0
100.0
100.0
100.0
100.0
100.0
100.0
100.0
100.0
100.0
100.0
100.0
100.0
100.0
100.0
100.0
100.0
100.0
100.0
100.0
100.0
100.0
100.0
100.0
100.0
100.0
100.0
100.0
100.0
100.0
100.0
100.0
100.0
100.0
100.0
100.0
100.0
100.0
100.0
100.0
