51.45957446808511
60.306382978723406
67.3936170212766
71.42127659574469
70.49361702127659
76.45106382978723
75.99361702127659
78.43404255319149
78.81914893617021
80.94255319148937
83.42340425531916
74.26808510638298
86.16808510638297
83.72127659574468
87.01914893617021
85.62127659574467
85.26595744680851
87.48085106382979
85.24893617021277
85.55106382978724
89.06170212765957
90.23404255319149
81.90212765957448
86.30851063829788
91.21489361702127
91.54468085106383
90.37872340425533
88.43617021276596
87.74468085106383
89.48085106382979
91.57659574468084
92.21702127659574
93.01063829787235
89.93617021276596
89.74893617021277
93.12553191489361
83.24893617021277
86.59148936170213
87.3468085106383
89.48936170212765
94.22127659574468
93.59787234042552
93.43191489361702
88.29574468085106
94.2
91.93617021276596
93.81914893617021
94.42127659574469
94.91063829787234
95.50638297872341
92.7468085106383
94.53191489361703
94.6063829787234
95.86595744680851
93.5468085106383
89.11276595744681
94.94893617021276
95.65106382978723
94.50638297872341
94.34255319148936
94.76808510638298
88.52127659574468
96.05531914893616
95.80851063829788
87.75106382978723
94.22553191489362
96.29787234042553
93.82340425531915
95.51063829787235
96.1404255319149
93.98085106382979
93.33829787234042
93.72765957446809
94.47234042553191
96.71063829787234
95.67659574468085
96.37234042553192
95.34468085106383
92.83617021276596
95.5595744680851
94.02978723404256
95.70638297872341
97.45106382978723
93.37446808510639
97.67659574468085
90.5
95.96170212765958
96.57234042553192
95.7
94.31914893617021
96.36595744680851
95.35531914893618
96.1659574468085
96.77659574468085
91.58723404255319
92.05106382978724
97.44893617021276
96.49148936170212
96.70638297872341
96.53404255319148
