1.9375020476579665
1.5257130011320115
1.3321505509018898
1.3195036498010158
1.2134194719791411
1.239759368777275
1.2546427349746228
1.2175180771052838
1.260458896368742
1.2708176805675029
1.3772929934859275
1.2142437407672406
1.1977137278020382
1.2560955967009066
1.156140221208334
1.1486162912398576
2.4362746373713016
1.154055734038353
1.2784904551208018
1.1327718282043935
1.10386328984797
1.885514349579811
1.7667840266823769
1.1439088318347932
1.3159653887450695
1.1259168186187745
4.065750094652176
1.104773731559515
1.1211735999137162
1.0948997255861759
1.9644884084165097
1.0737727741152048
1.0602940251082182
1.119599158063531
1.0744498428106308
1.2369793476313353
1.1211777337044477
3.7945519277006388
1.1127538185566663
1.1939686024188996
1.0248564841896295
1.0703805251419545
1.0286276671588421
1.0650908586084842
1.0705954362601042
1.082025559052825
6.834013119116426
1.019585762217641
1.0339943509995937
1.0753530974686145
1.0599131372570991
1.0335453444719314
1.1585257389694452
1.016555040165782
1.7047463252544404
2.8215624585226178
1.010066740691662
1.1017944552898407
1.116667152300477
0.9878351121395826
1.1635661563128232
1.0747994920313357
1.057583331733942
1.0711626621931791
0.9761874588727951
1.0698826790675522
1.3073130776435138
1.039692508161068
1.001383835554123
1.084317503169179
1.064362072944641
1.1916837455108762
1.1362088249325752
1.0703270223140717
1.0304950819015504
1.1273294869661332
1.4076401118785142
1.0433024398237467
1.0454590405672788
1.0227304294407367
1.4615083608776331
1.0638693184256554
1.2399470708221196
1.0214848824292422
1.054786862835288
1.0393549003750087
0.9978934276252985
1.0372557513266802
1.024240405023098
1.1076048794686795
0.9876531101763248
1.1687714703381062
1.0368411566764115
1.0332831114828587
1.1599396135658027
1.0585529009848833
1.0414465985298156
1.018261378340423
1.0028190661072731
1.1931958858519793
1.0159453671723604
2.6925026160925625
1.0609382038414479
1.0289141953587533
1.2176504307836293
1.1631405385956168
1.2636052888929843
0.9939777514860034
1.0293288105726242
1.0327133314758539
1.0065459318012
0.9660355995073915
1.1595797036588191
1.1567912184000015
0.9540167314261198
1.2714618542939424
0.9373865299969911
1.098009819239378
0.9558635911494493
0.9860304352864623
1.043550621315837
0.9961699669733644
0.9588456183224916
0.9954684832990169
1.0072440693676472
0.977067212805152
1.2235402061492204
1.009209837652743
1.1188702926635743
0.9785383090078831
1.065698506399989
1.0995867601186038
1.6058275321274995
0.9773414364904165
1.0810883619189262
1.0068618105277418
1.096685025498271
1.1463472439944744
0.9660232393443584
0.9718993901908398
1.1262393567860127
1.0864318302869798
1.1578306270986796
1.1840675600767137
0.9828248353302479
1.5442370786964894
1.3469758887290955
2.414228124022484
0.9577464838474989
1.0254163210391998
1.071703528687358
1.0434730662852525
0.9702871242910623
1.6402575816959142
1.19253423294425
0.9942056919783354
1.4633224707990884
1.1600229220092297
1.6873218412399291
5.934989508852363
0.9055238380730152
1.021388005912304
1.1004887641444803
3.806121036499739
0.9929725516587495
1.1765595126971602
0.9266403361707926
0.9888317996263504
1.5532635067403318
1.0928370548635722
0.9530148700773716
1.6742280977666377
1.251148470968008
2.360039785116911
0.8909905050843954
3.8857738056108357
1.1805851366519928
1.539984330199659
0.9583371769636869
0.9226521427333355
1.1081845334619285
0.956908762678504
16.53808466245234
0.9549141466245055
1.1529318921416998
0.8885672991126776
1.4544638357311488
0.9037571807652712
0.8533118466734886
2.0770589569211007
1.055229990646243
0.9455581343770028
0.9571098474115133
1.2150766993016004
1.4649432557821274
1.393433237925172
0.9134758835956455
1.0342002677172422
1.4884632706195116
1.6844160163849593
