2.0585794786810876
1.6921302306652068
1.6350376726984979
1.5860170941352845
1.570834210574627
1.5355535613000393
1.5273286375403403
1.519763409793377
1.5221167668104172
1.5094853304326534
1.3979709692001343
1.4275120402276515
1.4733508265316486
1.5269966040998697
1.4888661791980267
1.4877575688362121
1.3941259737312794
1.4259394122064113
1.455602012336254
1.4380812860429286
1.3693545382320882
1.3902225566208362
2.0559200133681297
1.4349371495991945
1.4309823450744152
1.3392100901305675
1.408739764213562
1.4029473847448826
1.3743526172190905
1.3752218440175057
1.4211735166162252
1.3952618429064751
2.2807290562689304
1.480877931430936
1.3657790468111635
1.4312154984027148
1.3262033917307854
1.535288081780076
1.6729758361503482
1.4728295411616563
1.3750331934094429
1.6161135593801736
1.66735851316154
1.396731755182147
1.3962967545688152
1.3495068091601132
1.3454672785550357
1.3611430672854186
1.533551926344633
1.4321236869990825
1.3438372991085052
1.3608565589860082
1.3891830323264003
1.4402912338078022
1.3673439606875182
1.3539459259659052
1.6257623973488808
1.5108309805393219
2.11783740863204
1.5338906026631594
1.3538079673722387
1.6534271856993437
2.8460563624948265
1.428430604159832
1.5622674909755587
1.5571231788545847
1.4210317881703376
1.4297469479739666
1.6438485404253007
1.3720466104149818
1.740940424501896
1.3558942274302244
1.492855665564537
1.5206051899343729
2.6271930739581584
1.5017230326533317
7.159963308349251
1.6310473565608263
4.037815172851086
1.6289690048694612
1.5879791954755782
7.214014944266528
1.8442614777833224
1.7128839336186648
2.3564917613714935
1.4201787311136722
1.6360430362224578
1.3810523709356786
1.5203597242534161
1.754999172270298
1.4154915369600058
2.0252520184218885
1.7107688377201558
1.5153583342134953
1.3591521715521813
1.247234072625637
1.5797840413302182
1.2784975499808788
2.9929850887954235
1.4098506520837546
1.6614677133411169
1.840678816124797
2.964022835060954
2.844472100958228
2.446648255199194
1.4366728529334067
5.701089358776808
1.4912272469587624
2.186992858707905
1.4017529982626438
6.31936689440906
1.9370996954068542
1.5383177213072776
2.8446625951826574
2.5241202846318482
14.774263239756227
2.14029591819644
1.5340893527269364
1.8721991574168206
1.961894876420498
1.755824327006936
4.328405039548874
4.324476944565773
3.2388026041090487
1.5835771014094353
8.456703762173653
1.5550921009778977
5.572876254886388
28.100808513760565
1.6729447168409823
1.5800523007810117
2.271008301854134
1.5589566608071328
1.6298163724243642
1.7252330186367035
1.9725648572146892
1.7152429218888283
1.8205503581762315
1.7554138799905776
3.251716170102358
2.0479581363499166
3.4332380897402763
1.7809056920260191
11.933015632480384
2.6929197115004064
5.977977124273777
3.4270457340627907
18.62595309585333
5.6517542303800585
2.171435006439686
14.309284527570009
4.962556625813246
3.26395708489418
1.5171057699918746
3.4070245771706102
1.7253828066587449
11.917503425300122
10.81563652780652
3.3183896318376065
1.966819294244051
9.628178858697414
4.615891084074974
10.09738327460736
10.136963830322028
2.70669467741251
106.83711679959298
2.5242062708735467
2.209576871931553
17.66055747961998
3.8670518856346607
6.0423805648088456
1.924963963150978
2.084266072303057
8.730344294369221
2.8396713105738165
10.976719102442264
1.7581821999549865
2.215567212283611
3.3935847971737383
2.4821212099194527
4.895196007221937
1.6959215146005153
3.124501179099083
2.1470014569163323
2.6032845600247385
7.334083977222442
7.282595637857914
3.557555874347687
4.177362066984177
3.8466282331943513
2.8397529777288435
3.543276754617691
17.68085222989321
2.8572256717681883
7.087201570272446
11.836883408486843
6.840475928664207
4.474005143642426
1.9257305647134781
4.118926495969296
11.060121324837208
7.024426686286926
2.2121482533812524
3.2029241546988487
3.3761847741007807
4.149680330991745
5.786904382765293
7.888181219160557
4.751471164047718
2.2151201573610306
2.9030020160079
3.228605306446552
2.5374215282797814
2.3831177187263966
78.55158226150274
6.5405185863673685
1.7590010427832603
12.265743915975094
1.8844523390233516
13.228580280214548
8.379104464590549
12.940167994946242
8.544239997386933
7.878796597421169
5.378372100323439
2.4257176328897474
2.293282853245735
2.286467055082321
2.284616255760193
2.2882391538619995
2.287642087459564
2.286882805585861
2.2826817178726198
2.2860104489326476
2.285638973712921
2.2843609528541564
2.286786850452423
2.283986657142639
2.2867392802238466
2.2838347783088686
2.285754167795181
2.2841679058074953
2.2852259149551393
2.2835787580013274
2.2850726561546324
2.281821456193924
2.2807967467308043
2.286419657468796
2.2869782903194427
2.28596532869339
2.2822695744037627
2.28690691447258
2.28546385717392
2.2847281920909883
2.2822977538108824
2.27985711479187
2.283676824092865
2.285243127822876
2.2854310116767884
2.2855540351867676
2.2824162259101866
2.2827226026058196
2.2880354318618776
2.282344559431076
2.284498251914978
2.282579904317856
2.285793090581894
2.28101055765152
2.285826849460602
2.2854178695678713
2.285999441385269
2.28538517165184
2.283490748167038
2.2835380704402923
2.282484400987625
2.283571123123169
2.2859169485569
2.2844594514369962
2.2831220490932465
2.2814941911697386
2.282963445663452
2.287599436759949
2.283812089920044
2.2832001876831054
2.2847413599491118
2.2795665080547334
2.285697061777115
2.2851730327606203
2.2852443118095396
2.2827284400463106
2.2843959052562712
2.286691652774811
2.2779238805770876
2.281099305868149
2.28543035197258
2.2844712474346163
2.282899758338928
2.284498276233673
2.283843065738678
2.281258157491684
2.282394578456879
2.2844527368545533
2.285324150800705
2.2836736166477203
2.2818112549781797
2.282255598306656
2.284935661792755
2.282891025543213
2.28166494178772
2.2813404278755187
2.2812892491817474
2.284959020614624
2.2831545979976653
2.2825147166252138
2.2830128192901613
2.2840120098590853
2.2853433256149294
2.2799719705581665
2.282744665145874
2.2840662410259247
2.282623563051224
2.2847779302597044
2.2870601925849914
2.2817944610118865
2.278855758666992
2.283679341316223
2.2832395482063292
2.278392486333847
2.281813187122345
2.2835844507217407
2.2830425832271577
2.2823942601680756
2.283162656545639
2.2836862626075747
2.2834554204940796
2.279659672021866
2.284244611501694
2.2843229916095735
2.283022683620453
2.2826365301609037
2.2841527717113497
2.2804021456241608
2.284385432481766
2.282365799665451
2.2806106288433075
2.2833370521068574
2.2827753932476043
2.2826641533374787
2.2768723373413087
2.285213975429535
2.2811640439033507
2.283265862941742
2.2825704634189607
2.2835203530788424
2.2834579145908354
2.2859699857234954
2.2789070901870727
2.284097230911255
2.2814594740867613
2.2831849112510683
2.280578946828842
2.2854449229240417
2.281642100572586
2.281079517364502
2.2800190765857695
2.2825110142230987
2.279795974254608
2.2819924817085266
2.2839425058364866
2.282497270822525
2.2829644804000853
2.280411806344986
2.2839459013938903
2.282979865550995
2.28083869767189
2.2836192569732665
2.2810352609157563
2.2865025553703306
2.2777595171928406
2.2840419085025787
2.2825830988883973
2.282166834115982
2.281505675792694
2.285696628332138
2.280606053352356
2.284714704990387
2.2789632854461668
2.2844395842552183
2.2807020153999327
2.2835268719196318
2.2838313653469084
2.280083992958069
2.282610961198807
2.284024407863617
2.280352607011795
2.2831263399124144
2.2810609822273253
2.282566673278809
2.279766787290573
2.2846019468307497
2.2808166229724884
2.28171334195137
2.2841773238182066
2.2796544029712678
2.2838270301818846
2.282339231491089
2.2785816612243655
2.2775190358161925
2.282799523115158
2.2864567124843598
2.2803836736679077
2.2845575039386747
2.282460829734802
2.279184417486191
2.2856105599403382
2.2827933259010313
2.2794099080562593
2.2844225120544435
2.2831798050403593
2.28110493850708
2.2794105319976805
2.284426973581314
2.2809603049755096
2.2814581022262574
2.2816094596385956
2.2840465359687805
2.2811395611763
2.2818912782669067
2.280518224954605
2.2809097747802736
2.2837673299312593
2.2807506854534148
2.2795689601898195
2.2811264674663545
2.2835529713630676
2.2828926153182985
2.279536237239838
2.282729623556137
2.2826436219215394
2.281819395542145
2.28193888759613
2.2842989795207975
2.2809566795825957
2.2828976669311523
2.2769091975688935
2.2835685863494875
2.2828871185779573
2.284207410335541
2.2817242953777312
2.278774249792099
2.2814284682273867
2.281213812828064
2.284977979660034
2.2800232462882994
2.2843195173740387
2.279497503519058
2.2818492488861084
2.2795373384952544
2.2847096090316774
2.283808385848999
2.2814917113780977
2.2803393082618713
2.281143075466156
2.2828441610336303
2.2855804669857025
2.2802127320766448
2.281534734964371
2.2824398093223572
2.281535549402237
2.2839618048667907
2.284695681095123
2.28045113158226
2.281882350921631
2.278830649614334
2.2837594130039216
2.2792488441467285
2.284528434038162
2.2821116547584532
2.28068585896492
2.2819060082435607
2.28103665971756
2.2799639167785646
2.2837429738044737
2.283005122423172
2.2810165617465974
2.2854433319568632
2.283550405025482
2.2810477511882783
2.278484839439392
2.2823878574371337
2.282068289756775
2.283212281703949
2.281367616176605
2.279370982646942
2.2844995260238647
2.2804309170246126
2.281561849832535
2.2820662858486176
2.2846371150016784
2.27952162027359
