1.9739653038978577
1.4982614737153053
1.291763898909092
1.2480912750959396
1.0653364254534246
1.0558414691984654
0.9323106954544783
1.0113134930729866
0.9992173374891281
0.9098664544224739
0.8190960028916597
0.8669727120101451
1.080306121557951
0.8033910062164068
1.1220947988778354
0.8234661527052521
0.7508016017600894
0.7746633993983268
0.6956327338144184
0.9371777737215161
0.7175715396180748
0.8165335081350058
0.6612628105394542
0.7467773276045918
0.6735331592597067
0.7485210992023349
0.6792326382622123
1.0014618501625956
0.64730706628412
0.6766429256349802
0.6247110512182117
0.6661378334760666
0.651793695345521
0.6690548740699888
0.9171611297079362
0.6206476029958576
0.6209990361817181
0.6303778195269406
0.6341648682653904
0.7922475558258593
0.5914210016950965
0.6684040848985314
0.6299520180225372
0.5962844789014198
0.6138142142444849
0.6081930380780249
0.579871931577567
0.6055095738470554
0.6006554461810738
0.7548298127967864
0.6610460438542068
0.5974189029652626
0.5620006652884185
0.598582363974303
0.6612649538442492
0.6243429250493646
0.9914709768013563
0.6847208726964891
0.547610629145056
0.5482611560579389
0.5388461847268045
0.6192681831717491
0.5446874446696601
0.6627498947195709
0.6050059123178944
0.5450635530501604
0.5385783299785107
0.5557843299880624
0.5677474738601596
0.5832383394623175
0.5416905729975552
0.5742391565050929
0.5172087740264832
0.5228874515867792
0.614045946592465
0.5836483376156538
0.6078445477187634
0.5476052397917957
1.6334798640310764
0.6616051510460674
0.5342193207349628
0.549145589556545
0.5535760330110788
0.6269070149967447
0.5249289379069815
0.5769582378815394
0.4965567852621898
0.5788812187965959
0.6565476891072467
11.29055320096761
0.5279041076335125
0.5517780721487943
0.5508270851168782
0.7265433716401458
0.531953287616605
0.742290844189789
0.6156397743192501
0.5309074027789756
0.5514222987778484
0.5337083213888109
0.6514333452051505
0.5388294353908859
0.4898030072934926
0.5155398700442165
0.48076048473827543
0.5871998884058558
1.269294745568186
1.3188587323362009
0.46428612937778235
0.5570713444706052
0.5460997623270377
0.5660050381980837
0.4783766049137339
0.7178954873364419
0.48303030730690805
0.4967170176575892
0.7395881997724064
0.5278376661092042
0.49837571374559775
0.5305138793718069
0.44266088523715735
0.6812553311209194
11.240114754935727
0.46985776120703665
0.5303923623850569
0.9072759071104228
0.48299048717599363
0.5671833820817992
0.5100358973839321
2.9204486962039953
1.3154519941490144
0.5448669019667431
0.49910085571557283
0.577169596423686
0.560447609625291
0.916122407943476
0.4746568660392659
1.010084921699483
0.4997987895319238
0.7527351063080132
1.1320824504802003
0.7071503557194956
0.7447689508828335
0.9567354123331606
0.6662902030861005
0.4914864301283669
0.603272847009357
0.48978120752575344
0.8387637657988817
3.2688996939440256
0.4797488487693481
0.5880302543728613
0.47792994579998777
3.1015795321343465
0.5291374851223082
0.6017084939037449
0.48321389219537375
0.647799808376003
0.6050071351547959
0.6910479816915467
2.90445348091051
0.5103866045668256
0.4599226108253934
0.516436260822229
0.4698708338766592
0.46626193447038533
0.644993225238286
0.5504290551288287
2.2475537411592668
0.4616837492098566
0.7103064996659523
0.5314006481422111
0.4951804852942005
0.46247814492788164
0.7407766536123818
0.6327751854490489
0.7942111759134568
0.568378585956525
0.43775657828943804
2.428853027347941
0.48323883025534453
0.5030515667302534
0.4613286603488959
0.4989403462244663
0.5116461192080751
0.49259830386610703
0.89772972769849
0.45945463942247444
0.49464347073365933
0.48305304448469544
0.4637295776871033
0.5151747947176918
0.6623846245490713
0.3999557866929099
0.4016312019890174
0.3983201899002306
6.87807102541416
0.525857981360983
0.4049512013791827
0.43684424886462514
