1.8862201793193818
1.247206749677658
0.9413421903848648
0.7168728893995285
0.538765800178051
0.37927549627423285
0.26433716366253796
0.19099918908812105
0.1455126624482218
0.10945358819956891
0.08542698474408826
0.07492218217242043
0.060270424611706404
0.05143240955119836
0.04721761112666354
0.04700390129361767
0.04493219389401929
0.032078061473534036
0.03703522328268991
0.03460395332976259
0.03576699966040724
0.03521837001414497
0.02802705557214813
0.024366992187062807
0.039591894296006104
0.030907280096347675
0.024064966611050977
0.02806291622689787
0.020417756549064393
0.020653177098182256
0.01718987116821711
0.014676671881375284
0.0188318405875566
0.018693068800904912
0.018248140617287648
0.0663975395993873
0.015492798666287883
0.016181991022424028
0.015270390145402544
0.014903312624164755
0.19049304957779667
0.019368177898578778
0.017542769503780434
0.01221376515056798
0.01454890906213349
0.01604616256839135
0.01552213985120089
0.016022793780722026
0.015002512086911779
0.013454289380701923
0.013833686709266019
0.024402936573761937
0.02269382730142408
0.037680080414703256
0.014034980712211636
0.037483955962788175
0.01486158048198066
0.012106695830651458
0.012228511962521303
0.014486062384727261
0.013428095853910605
0.010574006204957392
0.011549299799171115
0.019445193334025546
0.008185796431842094
0.017696417139283976
0.010710643266806034
0.009860354364477587
0.013028780766935604
0.012272557442144411
0.01894827041029044
0.008641593009645341
0.022700427418095217
0.016077064516200792
0.01013737156499664
0.013859562559039092
0.010972401192389665
0.030196073441431992
0.0114746556218167
0.018295667735223703
0.013027249792386215
0.009978520439354233
0.010891134468203782
0.008698318503535725
0.006638631923043429
0.01391351134493569
0.012628390987150137
0.015286986252258617
0.010078866838773405
0.00956951217353445
0.011973819318342599
0.006208298946225006
0.010401163429729403
0.01213262537816895
0.01677993105889861
0.035901041364237565
0.015166748344943285
0.008948094496955362
0.010433990074995103
0.007739799882126215
