2.117917455136776
1.7001909829378128
1.6048308844566346
1.5430976973772048
1.5675162649154664
1.4525297102034092
1.424498769313097
1.398913909226656
1.4401279119253159
1.4029143227636813
1.2762516922429203
1.2868696020543575
1.2734682996422053
1.3058452501296998
1.310650069117546
1.1933373974859713
1.2483553081005812
1.2724487635791302
1.2392621431946755
1.2429128805845975
1.182317057698965
1.18772183047235
1.2156669462621212
1.238842980861664
1.2285614669024945
1.1549763238877058
1.1804448188394308
1.1569076239019633
1.1789762200415135
1.1923551618307828
1.1161978140175342
1.1118037976771593
1.199635574042797
1.2742420407384634
1.1649217754527927
1.1139327938109636
1.0945059941783548
1.1250030017122625
1.439859899416566
1.1286832139492036
1.0762494418621062
1.1212571611106397
1.15852406578511
1.1134805117100477
1.1259797079786658
1.176302470959723
1.1157513219416142
1.0841646177619695
1.0815835970044136
1.085805015593767
1.036504815466702
1.1270971739292144
1.1207859868407248
1.0873448959887029
1.5749648688957094
1.1164186197668313
1.1164873264580966
1.139893656782806
1.3419099893644453
1.1007653413116931
1.341154345922172
4.056124836176634
1.058023164317012
1.1157533907741308
1.120189617395401
1.0949803283959627
1.1381274644471704
1.065286731466651
1.0966902148127555
1.190691800057888
1.0770355642586946
1.882257544144988
1.0589638954997063
1.0788528115302325
1.1167642070800066
1.0868691621124744
1.1119725226312875
1.0711314873844384
1.1969877005815506
1.0559649884700775
1.1721681635528802
1.1135599851161242
1.1502845360413194
1.0812288445383311
1.1456638334840537
1.0588274768739938
1.308150226034224
1.0754704796522856
1.3975582418143748
1.0554865402951836
1.0560349076911808
1.0486923286020755
1.0962076613605023
3.3073541635274886
1.0689718035012483
1.0854639719352126
1.0365689797997475
6.991141407288611
1.0873779011070728
1.039113517254591
1.107386294938624
1.0606498963087798
1.031852369338274
1.1494981627613305
3.534137643188238
1.3993762923106552
1.1907100323215127
1.9729521901980043
3.2965927797108887
1.1062286076322199
1.0266296968497335
1.238148307144642
6.2498908793330195
3.081744130425155
1.0934112643897533
1.0474208123534918
1.029199995353818
1.0532902598474174
4.981585885770619
2.527220619633794
1.2036455859541892
1.0288003214523196
2.19824601726979
1.0052195614874362
1.2237400935664773
3.7403461220338943
0.9939952578619122
14.456077110730112
0.9871549122184515
15.293097786948085
0.9397577800601721
0.985848576426506
2.029898161649704
1.1522099538184702
1.5554553645774722
0.9893845968022943
1.0657143462523817
3.6811535691171886
3.6014602024666966
1.085884836807847
1.4986635953038931
1.1793745709070935
1.106612498357892
1.0110947486013173
1.0086688432041555
0.94073761222139
1.1208055807203054
0.99010507510975
1.3584807928055525
1.0091514320373536
2.057378340370953
8.020182553850114
0.9329521311372518
0.9938268167860806
3.807312329225242
1.117729423634708
2.788277364447713
1.1684125756956636
1.115848798006773
1.093086664289236
1.1058430864661932
1.155356632038951
0.9710269123911858
0.9607313233539462
0.9906685847043991
1.0310483490526676
1.152093514814973
1.0400721892174334
3.54146493306756
0.9086478211674839
0.9885168608799577
1.1196291865333914
1.028801492407918
1.2223044459177181
1.0142246089428664
0.9361199538186192
0.9938136299774051
0.934863356590271
1.4341161223948002
0.9819249273035675
1.0325242877677083
1.1326825846135615
0.9670904593393207
0.946331077940762
1.2262298093102872
2.769244048547
0.943121756017208
1.0674784001931548
0.9445735757946968
1.1189997715186328
0.9453425831552595
0.9894385403692723
1.0865671761222184
0.9556126059927046
0.9405798895359039
1.5417303439863026
0.9331972915716469
0.9393055797293782
15.535639526525513
165.00429668180644
0.9389313983470201
1.085885649021715
6.493274143671617
2.2936604986414313
0.9546180264912546
1.0021591386329383
1.023257696405053
0.9283993297033012
1.559716749239713
0.9827917417474091
1.5873081872984767
0.992803771160543
1.1452472483105958
0.9160096862725914
8.184912799224257
1.1610744928382337
1.4490583397373558
1.0969088983908295
0.9414513284042477
1.0401801980547607
0.9587423074133694
1.0355894050821661
2.395278379768133
1.1790589223504067
1.0228749573752285
0.9482738321647048
1.4115849001929164
1.1767763177752495
0.9466115667931736
1.9159701679348946
5.66265325473994
1.2191507668830455
3.4440155880451204
1.0026267346218227
1.354059156557545
1.0623626314662398
1.0634821381866932
0.9772404553964734
1.5725569984037429
0.991235932007432
1.278696082137525
0.9287448877692223
1.1036736926529556
1.3703664629980923
91.1837669101879
11.973509434036911
1.3109941427335143
0.9608004234912805
0.9690922064892947
0.9829986939616502
1.060067785743624
45.195638810638336
0.946967892050743
1.1277177650667727
0.9423379066288471
1.0187956402730196
1.520934776723385
0.9489212005431764
0.8982069931924344
1.171675155237317
37.33289020531997
0.9287020518984646
0.9330245121270418
1.0985198796465994
1.8140400872826576
0.9324539246559143
0.8979278619606048
1.0425587426498533
1.5681040575020015
1.2799289638698101
1.0089037108402699
1.842834315866232
0.9101539864130318
0.8906721161305904
0.9334274633228778
0.8868427348323167
1.425888479212299
0.9500450407341122
0.9236227130293846
0.9368428769633174
1.6831271646190435
0.9885604631546885
3.535078276693821
0.9559701962172985
0.9067222334444522
0.9813899218849838
0.9193911399468779
1.3529913925528527
1.4264109831843526
0.8949283958338201
0.8969264858290553
1.2574271206855774
0.9677217110265046
0.9841209361404181
27.774914738580584
0.9156102522164583
0.9309162671267986
0.9232511085122824
1.1385234110821039
0.9133040246590972
1.0494072833769024
1.0470263172239065
12.649136901013554
0.97034655918926
1.1299680564571173
1.1790502250795252
2.484145159743726
0.871184709649533
0.9609210248887539
1.5495782984346151
0.9325109445787966
1.0621648516580462
0.8945496308505535
0.9251468108072877
1.233801817726344
0.9094569442383945
0.9562780266031623
0.9368848633691669
0.9506520305424929
99.42706715308874
0.9868794594556093
1.0467331027910114
1.0308719686567784
0.9183881447836757
38.76955570767634
0.9998208727445453
0.9543370812311769
1.02659613064304
1.2660795451328157
0.9421183006819338
0.9260456559509039
1.1314918779516592
0.9386204401627183
0.9786952501237393
0.948360097464174
1.4214256327450276
0.8770847987048328
1.2611530118584633
0.8988037811592221
1.0425636268258094
0.9113079575002193
0.9026529464279301
3.1318931954838334
1.3144830033257604
3.4080338576212523
2.1899959190399385
1.1902563222423195
1.6027023620530962
0.9269857332706452
0.9920317799374461
0.9036405066773295
0.8818470159228892
34.0267657155022
0.8888629161790014
1.2489874815903603
1.1277821022970602
1.7218722019884736
1.6867892653346062
1.026341890387237
1.5252266000807286
0.8621260839411989
1.0390270320996642
1.5784086742252113
0.9961366705615073
2.0396617084201427
0.8724228582493961
2.6838296985253693
1.0250363357067107
1.1414002265818417
2.6003330028299243
0.9727346639104654
1.605865370169282
0.9013606762290001
0.9264085651673376
1.1208726706057788
0.9214658436998725
2.981506328575313
0.9936018103472889
2.189515616849065
1.4198125894591211
0.8920001646969468
1.2639264245927333
0.9330715899392963
2.444034790512174
0.9635345838740468
1.397228754851967
1.2462631730390712
1.0261982821428683
1.9874984252266585
1.3634742722660302
0.9963752143457532
3.0743105007223783
6.402023102924228
1.1224025571644307
2.7403811236023903
2.1800248254612087
8.431067743368446
1.1249452654570342
0.8782174492180348
3.2645994954966007
9.925750623972155
0.859502486795187
5.64325569710508
47.439605438550934
29.237728044830263
0.8979935504719615
1.1553368503078818
1.4055000520981848
39.10498143295199
1.1003730210773648
1.4129156137034298
1.1194237868115307
5.630247528634966
1.1105984776578843
1.0037268947958946
4.376679233964532
1.1113627803325654
0.8788959870822728
5.148473172703758
1.0574942431859673
2.450159357137978
1.572564136236906
0.9757680077645927
5.053974244456739
2.9080330075584353
40.18995626590494
0.9714159277975559
115.5204157865718
0.9655887242928147
3.460782834470272
2.22331704647094
6.4475168092884125
0.8990273638442159
0.8931540708076209
1.305462439296767
1.0438808859027922
1.29423816633597
15.91812495366484
0.8874182292334736
4.203642539709806
1.0134149112924933
1.3510623988844455
38.95379364155978
3.066703278835863
1.1603179778493942
0.87413540828228
1.3336661087647081
3.354458299510181
1.3610602872855961
0.8961561828944832
4.368403518654406
3.028838804392144
0.9038063875436783
7.713217327261344
5.541561225953744
1.0479991606469266
0.9548484700545669
0.9691005566380918
0.9281652925871312
0.913015496974811
1.0240553546361626
0.8952686255499721
83.36153310216218
5.38690794525668
1.6303121783807875
1.0061471797581762
1.0731573332324624
3.394438559010625
10.586772007614375
18.699948503479362
18.905927528893574
34.1448431654349
0.9010780721902847
1.8882867033444346
18.581161099798976
51.916060537680984
2.0102422454562037
1.0942944655939937
19.81916866552085
3.572340400315821
3.3570618611350658
4.249259165584576
1.0814556861259044
9.885637570619583
1.0074602816924452
8.546369349915535
0.9379737878395245
41.652098317946304
39.123112405382095
183.9498254353702
5.870254162244499
11.587904189838097
30.421959699764848
44.26607430451736
1.3903643938023598
1.311373432399705
24.548674351390453
475.38757227190024
28.97834794799797
205.75168936961236
