43.45106382978724
51.136170212765954
51.62765957446808
54.708510638297874
59.3
59.45531914893617
61.351063829787236
63.0531914893617
56.274468085106385
55.731914893617024
50.804255319148936
56.08936170212766
62.217021276595744
56.98723404255319
60.53404255319149
66.18085106382979
66.98085106382979
64.48297872340426
65.38085106382978
62.44255319148936
64.75531914893617
64.77234042553191
68.7531914893617
68.83829787234042
66.04042553191489
64.4872340425532
64.21063829787234
66.01914893617021
63.95106382978724
62.759574468085106
67.91063829787234
68.35531914893618
68.03617021276595
68.84255319148936
69.35531914893618
68.27659574468085
67.31914893617021
57.91489361702128
60.314893617021276
68.31063829787234
66.10851063829787
68.04255319148936
63.11063829787234
68.77659574468085
67.82553191489362
62.125531914893614
67.52340425531915
66.25744680851064
72.6531914893617
56.191489361702125
63.765957446808514
68.44468085106384
66.3595744680851
69.74255319148936
67.08297872340425
69.38936170212766
66.08936170212766
70.1468085106383
68.33191489361703
67.01702127659574
71.17659574468085
69.6531914893617
72.32340425531915
71.89787234042554
72.05319148936171
68.73191489361702
71.1659574468085
70.12553191489361
70.40851063829787
70.57659574468084
73.00212765957447
68.26382978723404
69.09148936170213
63.65744680851064
71.28085106382979
71.59148936170213
69.10851063829787
71.51914893617021
68.8063829787234
69.56595744680851
64.25106382978723
67.87446808510639
68.40425531914893
68.49148936170212
63.4531914893617
69.82127659574468
72.73191489361702
70.26595744680851
65.62340425531914
63.02978723404255
68.73404255319149
69.33191489361703
62.62127659574468
68.64255319148936
70.21063829787234
66.05744680851063
67.66808510638297
65.04893617021277
64.9404255319149
71.69148936170212
67.81489361702128
69.4063829787234
71.45957446808511
64.94468085106384
68.53404255319148
66.63829787234043
73.94680851063829
65.8
72.39574468085107
70.19148936170212
67.62127659574467
68.98297872340426
70.08085106382978
62.45531914893617
69.62553191489361
68.42340425531916
69.77446808510638
64.6659574468085
71.19574468085106
68.14255319148936
73.06382978723404
69.3063829787234
69.59787234042552
68.31276595744681
72.99148936170212
69.78936170212766
67.38510638297872
67.61914893617022
74.46170212765958
73.39787234042554
72.69148936170212
70.98936170212765
67.2468085106383
68.34042553191489
73.70638297872341
70.91063829787234
70.02340425531915
68.1936170212766
70.25106382978723
73.72127659574468
68.66382978723404
67.36170212765957
71.09574468085107
70.28510638297873
67.86595744680851
64.71063829787234
71.49574468085106
73.31489361702128
68.94893617021276
71.18510638297872
72.38297872340425
65.37872340425533
71.36382978723404
73.08723404255319
73.11276595744681
73.57446808510639
71.60425531914893
74.3531914893617
74.11489361702128
73.58723404255319
73.61276595744681
70.50425531914894
69.06595744680851
64.72127659574468
67.15531914893617
73.34255319148936
73.79148936170213
64.97021276595744
73.60212765957446
72.60851063829787
66.2404255319149
72.62340425531914
74.37234042553192
68.65531914893617
66.5595744680851
72.24468085106383
74.45106382978723
73.2595744680851
73.15106382978723
68.52978723404256
59.263829787234044
72.75106382978723
72.94255319148937
76.09148936170213
73.95957446808511
75.46170212765958
75.36595744680851
74.75106382978723
70.67446808510638
69.87234042553192
75.50425531914894
72.88085106382978
69.05744680851063
74.77446808510638
72.12127659574467
72.5127659574468
65.92553191489361
70.32127659574468
72.78085106382979
70.6404255319149
