35.734042553191486
44.240425531914894
44.11489361702127
47.94893617021277
49.33404255319149
45.317021276595746
48.257446808510636
50.363829787234046
46.776595744680854
45.83191489361702
50.702127659574465
51.62765957446808
52.14468085106383
49.838297872340426
51.270212765957446
55.38723404255319
51.98085106382979
51.84893617021277
49.242553191489364
44.12340425531915
55.96595744680851
50.11276595744681
56.71063829787234
41.808510638297875
52.40425531914894
55.772340425531915
47.253191489361704
52.06382978723404
56.57872340425532
53.02765957446808
51.4468085106383
58.63404255319149
54.84468085106383
50.32127659574468
48.33404255319149
53.62340425531915
58.05744680851064
52.40851063829787
51.731914893617024
53.87021276595745
54.01702127659574
57.193617021276594
55.56170212765957
56.62127659574468
55.9531914893617
55.89148936170213
57.06595744680851
58.1063829787234
53.317021276595746
60.17659574468085
61.9
58.83191489361702
58.32127659574468
56.817021276595746
56.0
53.4
54.42127659574468
57.33191489361702
60.98723404255319
55.9531914893617
57.295744680851065
59.88723404255319
61.9936170212766
50.41489361702128
50.6063829787234
57.4468085106383
59.319148936170215
58.214893617021275
58.240425531914894
60.89574468085107
61.34255319148936
60.17659574468085
61.242553191489364
60.695744680851064
50.646808510638294
57.3
60.60425531914893
60.38723404255319
61.86595744680851
56.84468085106383
57.21063829787234
54.67659574468085
52.217021276595744
55.9531914893617
54.229787234042554
57.851063829787236
60.304255319148936
59.172340425531914
61.71063829787234
61.374468085106386
56.94255319148936
54.42553191489362
59.251063829787235
63.06382978723404
60.804255319148936
56.191489361702125
58.52978723404255
64.08723404255319
54.159574468085104
63.12765957446808
56.225531914893615
59.240425531914894
49.8936170212766
53.259574468085106
50.682978723404254
45.725531914893615
59.159574468085104
58.45106382978724
54.8936170212766
59.05957446808511
55.170212765957444
58.92340425531915
58.693617021276594
62.638297872340424
52.98510638297872
47.774468085106385
56.314893617021276
59.214893617021275
44.77872340425532
46.742553191489364
50.22127659574468
47.261702127659575
51.56595744680851
38.42127659574468
43.161702127659574
39.4936170212766
47.44468085106383
48.37872340425532
31.204255319148935
43.40425531914894
56.04042553191489
55.308510638297875
55.11276595744681
54.52553191489362
44.98510638297872
52.01914893617021
53.47021276595745
54.742553191489364
51.84255319148936
57.32127659574468
56.6
55.14468085106383
43.740425531914894
53.285106382978725
46.161702127659574
54.04893617021276
45.85744680851064
42.38936170212766
52.34468085106383
48.38510638297873
50.38723404255319
50.54042553191489
51.15744680851064
54.740425531914894
46.05744680851064
53.804255319148936
53.62978723404255
53.338297872340426
46.63404255319149
52.363829787234046
54.353191489361706
51.12127659574468
53.62127659574468
38.708510638297874
52.225531914893615
41.45531914893617
53.08723404255319
48.07659574468085
33.708510638297874
33.59787234042553
39.4
54.708510638297874
48.88723404255319
43.44893617021277
49.270212765957446
57.361702127659576
45.58723404255319
18.50212765957447
55.85744680851064
53.07446808510638
57.306382978723406
52.45957446808511
49.89148936170213
28.18936170212766
32.791489361702126
34.238297872340425
27.782978723404256
30.3
29.42340425531915
28.385106382978723
15.461702127659574
27.187234042553193
29.78936170212766
27.372340425531913
32.06382978723404
26.591489361702127
31.391489361702128
30.880851063829788
33.244680851063826
32.13404255319149
36.78936170212766
29.953191489361704
30.187234042553193
31.106382978723403
32.204255319148935
34.863829787234046
36.43617021276596
42.45106382978724
38.6063829787234
45.58297872340425
46.07446808510638
43.46808510638298
44.3468085106383
46.06170212765957
38.729787234042554
47.99148936170213
49.714893617021275
48.58723404255319
47.33617021276596
47.706382978723404
47.99574468085106
46.759574468085106
48.11702127659574
48.82340425531915
29.65531914893617
10.663829787234043
10.638297872340425
10.638297872340425
10.638297872340425
10.638297872340425
10.638297872340425
10.638297872340425
10.638297872340425
10.638297872340425
10.638297872340425
10.638297872340425
10.638297872340425
10.638297872340425
10.638297872340425
10.638297872340425
10.638297872340425
10.638297872340425
10.638297872340425
10.638297872340425
10.638297872340425
10.638297872340425
10.638297872340425
10.638297872340425
10.638297872340425
10.638297872340425
10.638297872340425
10.638297872340425
10.638297872340425
10.638297872340425
10.638297872340425
10.638297872340425
10.638297872340425
10.638297872340425
10.638297872340425
10.638297872340425
10.638297872340425
10.638297872340425
10.638297872340425
10.638297872340425
10.638297872340425
10.638297872340425
10.638297872340425
10.638297872340425
10.638297872340425
10.638297872340425
10.638297872340425
10.638297872340425
10.638297872340425
10.638297872340425
10.638297872340425
10.638297872340425
10.638297872340425
10.638297872340425
10.638297872340425
10.638297872340425
10.638297872340425
10.638297872340425
10.638297872340425
10.638297872340425
10.638297872340425
10.638297872340425
10.638297872340425
10.638297872340425
10.638297872340425
10.638297872340425
10.638297872340425
10.638297872340425
10.638297872340425
10.638297872340425
10.638297872340425
10.638297872340425
10.638297872340425
10.638297872340425
10.638297872340425
10.638297872340425
10.638297872340425
10.638297872340425
10.638297872340425
10.638297872340425
10.638297872340425
10.638297872340425
10.638297872340425
10.638297872340425
10.638297872340425
10.638297872340425
10.638297872340425
10.638297872340425
10.638297872340425
10.638297872340425
10.638297872340425
10.638297872340425
10.638297872340425
10.638297872340425
10.638297872340425
10.638297872340425
10.638297872340425
10.638297872340425
10.638297872340425
10.638297872340425
10.638297872340425
10.638297872340425
10.638297872340425
10.638297872340425
10.638297872340425
10.638297872340425
10.638297872340425
10.638297872340425
10.638297872340425
10.638297872340425
10.638297872340425
10.638297872340425
10.638297872340425
10.638297872340425
10.638297872340425
10.638297872340425
10.638297872340425
10.638297872340425
10.638297872340425
10.638297872340425
10.638297872340425
10.638297872340425
10.638297872340425
10.638297872340425
10.638297872340425
10.638297872340425
10.638297872340425
10.638297872340425
10.638297872340425
10.638297872340425
10.638297872340425
10.638297872340425
10.638297872340425
10.638297872340425
10.638297872340425
10.638297872340425
10.638297872340425
10.638297872340425
10.638297872340425
10.638297872340425
10.638297872340425
10.638297872340425
10.638297872340425
10.638297872340425
10.638297872340425
10.638297872340425
10.638297872340425
10.638297872340425
10.638297872340425
10.638297872340425
10.638297872340425
10.638297872340425
10.638297872340425
10.638297872340425
10.638297872340425
10.638297872340425
10.638297872340425
10.638297872340425
10.638297872340425
10.638297872340425
10.638297872340425
10.638297872340425
10.638297872340425
10.638297872340425
10.638297872340425
10.638297872340425
10.638297872340425
10.638297872340425
10.638297872340425
10.638297872340425
10.638297872340425
10.638297872340425
10.638297872340425
10.638297872340425
10.638297872340425
10.638297872340425
10.638297872340425
10.638297872340425
10.638297872340425
10.638297872340425
10.638297872340425
10.638297872340425
10.638297872340425
10.638297872340425
10.638297872340425
10.638297872340425
10.638297872340425
10.638297872340425
10.638297872340425
10.638297872340425
10.638297872340425
10.638297872340425
10.638297872340425
10.638297872340425
10.638297872340425
10.638297872340425
10.638297872340425
10.638297872340425
10.638297872340425
10.638297872340425
10.638297872340425
10.638297872340425
10.638297872340425
10.638297872340425
10.638297872340425
10.638297872340425
10.638297872340425
10.638297872340425
10.638297872340425
10.638297872340425
10.638297872340425
10.638297872340425
10.638297872340425
10.638297872340425
10.638297872340425
10.638297872340425
10.638297872340425
10.638297872340425
10.638297872340425
10.638297872340425
10.638297872340425
10.638297872340425
10.638297872340425
10.638297872340425
10.638297872340425
10.638297872340425
10.638297872340425
10.638297872340425
10.638297872340425
10.638297872340425
10.638297872340425
10.638297872340425
10.638297872340425
10.638297872340425
10.638297872340425
10.638297872340425
10.638297872340425
10.638297872340425
10.638297872340425
10.638297872340425
10.638297872340425
10.638297872340425
10.638297872340425
10.638297872340425
10.638297872340425
10.638297872340425
10.638297872340425
10.638297872340425
10.638297872340425
10.638297872340425
10.638297872340425
10.638297872340425
10.638297872340425
10.638297872340425
10.638297872340425
10.638297872340425
10.638297872340425
10.638297872340425
10.638297872340425
10.638297872340425
10.638297872340425
10.638297872340425
10.638297872340425
10.638297872340425
10.638297872340425
10.638297872340425
10.638297872340425
10.638297872340425
10.638297872340425
10.638297872340425
10.638297872340425
10.638297872340425
10.638297872340425
10.638297872340425
10.638297872340425
10.638297872340425
