47.782978723404256
58.92765957446809
65.27021276595745
66.53617021276595
64.65106382978723
67.60851063829787
63.12765957446808
67.35106382978724
66.7595744680851
60.82340425531915
62.57234042553191
58.0468085106383
66.44680851063829
65.14255319148936
66.27659574468085
66.84893617021277
57.45531914893617
66.0595744680851
69.13617021276596
67.74255319148936
63.83617021276596
65.41914893617022
67.4404255319149
69.12978723404255
65.62127659574467
66.11276595744681
64.1
66.1659574468085
65.2595744680851
63.761702127659575
65.90851063829787
62.17659574468085
58.672340425531914
65.11702127659575
70.2468085106383
58.64468085106383
67.85106382978724
68.49787234042553
63.708510638297874
70.73404255319149
67.40212765957448
70.57659574468084
64.94468085106384
68.56595744680851
65.61702127659575
65.18936170212766
64.36170212765957
65.52553191489362
71.39148936170213
68.7
67.1
70.86170212765957
67.77872340425532
66.86382978723404
64.36382978723404
67.27234042553191
67.0595744680851
66.5595744680851
69.51702127659574
71.40851063829787
72.54042553191489
68.6936170212766
69.31063829787234
69.42765957446808
69.38936170212766
71.71489361702127
71.82340425531915
67.14893617021276
70.91702127659575
64.85106382978724
73.25106382978723
63.242553191489364
69.15957446808511
68.35531914893618
70.05319148936171
68.84893617021277
67.67446808510638
70.90425531914893
67.62340425531914
68.19148936170212
70.36808510638298
71.77234042553191
69.18085106382979
65.51914893617021
72.81914893617021
72.38510638297872
70.03617021276595
73.57446808510639
72.6404255319149
61.742553191489364
66.05531914893616
57.1531914893617
71.72340425531915
65.86382978723404
69.11276595744681
69.7595744680851
70.42553191489361
69.81702127659574
67.26382978723404
69.4872340425532
