2.5056990946531297
1.7343731410503387
1.5603458374738692
1.4807256091237069
1.4207087034583092
1.375297307729721
1.3427170764803886
1.303132284283638
1.2730244609117507
1.248611957192421
1.219774958372116
1.19779239320755
1.1765010585188866
1.1603220021128655
1.1413023606538772
1.1224953185319901
1.1039467628598214
1.0918419252634048
1.076602700293064
1.0692528237700463
1.0510027161836624
1.039394618868828
1.0299430591464043
1.0227156370282173
1.0078945568799973
1.002153776049614
0.9880894929766655
0.9843674546480179
0.9750537700653076
0.9611660896539688
0.94969660744071
0.9459689452648162
0.940414392709732
0.9348442721962928
0.9251234456896782
0.9175711684226989
0.9133501943349839
0.9055699997544289
0.9052617266476154
0.8937579756677151
0.884191081136465
0.8814795272350311
0.8707482039630413
0.8724634255468845
0.8654844177961349
0.8570085597634316
0.8534333519041538
0.8542764659821988
0.8495015323162078
0.839219200849533
0.83336691775918
0.8297061696052551
0.8230013131201267
0.8186942867934703
0.811145540624857
0.8117965608239174
0.8091268936395645
0.802684546649456
0.7894409221112728
0.7957762954235077
0.7884778688549996
0.7847465438246727
0.7794837923645973
0.7753751648366451
0.762153028011322
0.76304232904315
0.769216291576624
0.7562175379991531
0.7529558951258659
0.7495583515763283
0.7465220485627652
0.7385707850456238
0.7354498148858547
0.732157045006752
0.7307287680208683
0.7304798707962036
0.7241905868053437
0.7216685116887093
0.7161520196199417
0.7128233735859394
0.709646603435278
0.7037601524591446
0.706623918235302
0.7001188265085221
0.6946210086196661
0.6865823228359222
0.6830338258296251
0.6811015691757202
0.6802481485307217
0.6776830720901489
0.6741031849086284
0.6725028542876244
0.6642559414803981
0.6607497162073851
0.6663541603684425
0.660503361955285
0.6520453374832869
0.6467083934396506
0.6452549801319838
0.6381362491548062
