34.361702127659576
31.363829787234042
41.40851063829787
44.57021276595745
45.05106382978723
50.34255319148936
49.02127659574468
52.374468085106386
53.46595744680851
50.56595744680851
57.91914893617021
56.755319148936174
57.87234042553192
52.93404255319149
52.208510638297874
59.361702127659576
60.48510638297872
59.61489361702127
60.56808510638298
61.32553191489362
59.231914893617024
58.92978723404255
59.85744680851064
59.12765957446808
59.259574468085106
61.97021276595745
60.87872340425532
61.02765957446808
62.05106382978723
62.265957446808514
62.8468085106383
58.804255319148936
62.82553191489362
62.214893617021275
64.40212765957448
66.11063829787234
62.35957446808511
62.00212765957447
65.05531914893616
63.838297872340426
66.02765957446809
62.263829787234044
62.763829787234044
61.3
64.38297872340425
64.87234042553192
65.21063829787234
66.14893617021276
65.16382978723404
64.77446808510638
64.14255319148936
62.785106382978725
64.96382978723405
59.804255319148936
63.96170212765958
61.91702127659575
65.02978723404256
61.159574468085104
62.661702127659574
65.38723404255319
63.84893617021277
65.65106382978723
61.746808510638296
64.3936170212766
62.638297872340424
59.248936170212765
66.41914893617022
62.255319148936174
64.20212765957447
59.87659574468085
64.04468085106383
60.93829787234043
67.28936170212766
61.37659574468085
66.9063829787234
65.5127659574468
64.70851063829787
64.83617021276596
62.42340425531915
66.78297872340426
64.80851063829788
64.22978723404255
67.22553191489362
61.770212765957446
65.36595744680851
54.66808510638298
67.81489361702128
66.15744680851064
67.12553191489361
67.28085106382979
67.41276595744681
69.14255319148936
68.62340425531914
67.42340425531916
66.44468085106384
66.32765957446809
68.19574468085106
68.10425531914893
65.71063829787234
68.56595744680851
65.07446808510639
65.53191489361703
68.68936170212766
68.02978723404256
69.07234042553192
66.81276595744681
67.35744680851064
68.1659574468085
68.6468085106383
67.29787234042553
67.71914893617021
66.12340425531914
66.73191489361702
68.18936170212766
66.93191489361702
65.53617021276595
68.52978723404256
65.81914893617021
65.27021276595745
67.48936170212765
67.4531914893617
67.2531914893617
68.8936170212766
67.63829787234043
62.16595744680851
67.75744680851064
64.31276595744681
66.69787234042553
69.83829787234042
66.31914893617021
69.52978723404256
66.09787234042552
66.07659574468084
62.98510638297872
65.77446808510638
66.44893617021276
69.36595744680851
70.31489361702128
67.22127659574468
68.12340425531914
67.68723404255319
69.43829787234043
67.36808510638298
67.25106382978723
70.82978723404256
68.94680851063829
67.95744680851064
66.99787234042553
57.840425531914896
64.74468085106383
66.95531914893617
66.72340425531915
67.90851063829787
69.03191489361703
71.08936170212766
66.65531914893617
67.05531914893616
64.66170212765958
66.3340425531915
68.22765957446809
69.99148936170212
69.3936170212766
70.63617021276596
65.90425531914893
69.91489361702128
70.88723404255319
68.7595744680851
68.32553191489362
70.27021276595745
70.06382978723404
70.78297872340426
67.44255319148937
69.54893617021277
70.36595744680851
66.8340425531915
69.1531914893617
69.50638297872341
70.97234042553191
69.7404255319149
68.94255319148937
65.08510638297872
71.43191489361702
69.71489361702127
68.72765957446809
69.03191489361703
68.42127659574469
70.22553191489362
72.16382978723404
64.37446808510639
69.40212765957448
65.70851063829787
71.26808510638298
70.7468085106383
68.08510638297872
71.13617021276596
69.50638297872341
70.6468085106383
69.56382978723404
69.17659574468085
67.96808510638297
67.51489361702127
69.64893617021276
70.07021276595745
70.47021276595744
70.11914893617022
68.7595744680851
71.12978723404255
66.81914893617021
69.62340425531914
68.06170212765957
66.3063829787234
70.58723404255319
71.19574468085106
68.01702127659574
65.14255319148936
67.1
68.9063829787234
71.46170212765958
69.77872340425532
71.54468085106383
71.1531914893617
69.08085106382978
69.54893617021277
71.04893617021277
70.2872340425532
70.22765957446809
70.18936170212766
67.61914893617022
67.42765957446808
68.8595744680851
71.1936170212766
71.41276595744681
69.30851063829788
67.18723404255319
70.92340425531916
71.38297872340425
72.2468085106383
70.51063829787235
72.96595744680852
55.44042553191489
71.2
69.97234042553191
71.32765957446809
70.57872340425531
71.05531914893616
68.7531914893617
67.34468085106383
72.99361702127659
66.65744680851064
70.61489361702128
70.42765957446808
71.22553191489362
70.29787234042553
68.97659574468085
63.82340425531915
71.98297872340426
61.840425531914896
68.60425531914893
59.07872340425532
65.84042553191489
71.67446808510638
68.36595744680851
70.59574468085107
70.43404255319149
70.95744680851064
69.6659574468085
69.03191489361703
70.1936170212766
69.90212765957448
70.58723404255319
72.3340425531915
73.47234042553191
67.49787234042553
70.42553191489361
71.58510638297872
68.74893617021277
72.11276595744681
69.65957446808511
70.0936170212766
71.42553191489361
69.96382978723405
72.61063829787234
72.25531914893617
69.62127659574467
71.23404255319149
72.3531914893617
72.29574468085106
69.66382978723404
69.9531914893617
70.68936170212766
68.04042553191489
67.36808510638298
69.31489361702128
69.06382978723404
72.11276595744681
72.10851063829787
71.32978723404256
70.96595744680852
70.52127659574468
70.13191489361702
71.51914893617021
65.33191489361703
72.77659574468085
73.53617021276595
70.83191489361703
57.46382978723404
69.28510638297873
70.74255319148936
69.02553191489362
71.67872340425532
72.93617021276596
69.11063829787234
68.51489361702127
71.81489361702128
69.97021276595744
73.19787234042553
72.81276595744681
71.0127659574468
64.65957446808511
70.52553191489362
73.55319148936171
69.99787234042553
73.81276595744681
70.44893617021276
73.07659574468084
73.29361702127659
73.09148936170213
70.98510638297873
72.1468085106383
68.8468085106383
68.79361702127659
73.01489361702127
73.26170212765958
68.7531914893617
71.85531914893618
71.33829787234042
71.72978723404255
72.64468085106382
68.15957446808511
72.34255319148936
70.07659574468084
74.57872340425531
72.08085106382978
70.92765957446808
72.50638297872341
65.21914893617021
70.5127659574468
70.87021276595745
68.31914893617021
70.40851063829787
69.78510638297873
72.63617021276596
72.28297872340426
72.25106382978723
73.70212765957447
73.03404255319148
71.0595744680851
68.40851063829787
72.47659574468085
70.81914893617021
68.1659574468085
73.48297872340426
72.10425531914893
62.88297872340426
69.87234042553192
72.38723404255319
73.28085106382979
70.88297872340425
73.39787234042554
67.66382978723404
73.56170212765957
71.41276595744681
72.57446808510639
68.61914893617022
73.87021276595745
67.81063829787234
73.28297872340426
70.92978723404255
67.61914893617022
71.19148936170212
67.70425531914894
72.29787234042553
69.44893617021276
69.77446808510638
71.56382978723404
66.9531914893617
72.94893617021276
73.41702127659575
70.75744680851064
70.30851063829788
57.240425531914894
74.73404255319149
73.39148936170213
72.84255319148936
69.66808510638297
70.87021276595745
69.67872340425532
71.63617021276596
71.08297872340425
70.36170212765957
72.26808510638298
71.41489361702128
72.00425531914894
69.30851063829788
60.96808510638298
72.74255319148936
72.18936170212766
71.24255319148936
70.37234042553192
68.85106382978724
70.59574468085107
67.87872340425533
65.97446808510638
73.26170212765958
68.59148936170213
72.91489361702128
67.77872340425532
66.29148936170213
72.33617021276596
71.15744680851064
73.21914893617021
70.94680851063829
73.70851063829787
71.22340425531915
72.53404255319148
69.69148936170212
72.21914893617021
73.44680851063829
70.53617021276595
66.57872340425531
68.55744680851063
72.02340425531915
71.36382978723404
74.23829787234042
65.54255319148936
74.25744680851064
66.30425531914894
72.73404255319149
69.7595744680851
67.02127659574468
69.87021276595745
70.33191489361703
71.88723404255319
70.8936170212766
71.80212765957447
71.44255319148937
69.22340425531915
73.39574468085107
72.02127659574468
74.04042553191489
73.73191489361702
70.34468085106383
74.11489361702128
73.35744680851064
66.47872340425532
70.47234042553191
68.92127659574469
68.38297872340425
67.79787234042553
70.47659574468085
71.95531914893617
68.87021276595745
68.8
70.39574468085107
69.72340425531915
65.30425531914894
69.03617021276595
71.42340425531916
60.99574468085106
72.32978723404256
60.304255319148936
72.06595744680851
73.2
67.77234042553191
66.26808510638298
71.06808510638298
72.06595744680851
71.8
70.60212765957446
73.34255319148936
66.91063829787234
74.53829787234042
72.7872340425532
72.56382978723404
70.12553191489361
70.87446808510639
73.40212765957448
73.91063829787234
68.37446808510639
68.90212765957448
74.98510638297873
71.43191489361702
74.86170212765957
73.42978723404255
71.07659574468084
72.01702127659574
72.82340425531915
69.53829787234042
64.53191489361703
72.13404255319149
