40.68723404255319
50.34893617021277
55.99148936170213
60.34468085106383
66.53829787234042
63.96595744680851
69.75106382978723
64.69574468085106
71.68936170212766
71.95531914893617
68.38723404255319
73.7872340425532
75.48510638297873
64.16808510638297
76.97234042553191
74.19787234042553
77.22340425531915
76.30212765957447
75.87446808510639
77.60212765957446
79.18085106382979
77.76808510638298
79.15531914893617
73.29787234042553
74.54042553191489
68.41702127659575
75.14893617021276
77.17446808510638
77.38723404255319
80.6659574468085
80.31702127659574
82.49361702127659
80.24255319148936
79.9531914893617
79.2595744680851
82.81914893617021
78.76382978723404
81.85531914893618
76.90212765957448
66.45531914893617
79.54468085106383
82.86382978723404
64.23829787234042
82.9531914893617
83.59148936170213
77.07872340425531
86.42553191489361
75.21489361702127
81.78510638297873
83.8468085106383
83.74468085106383
80.3595744680851
85.45957446808511
84.62765957446808
72.36595744680851
82.95531914893617
85.84042553191489
84.70638297872341
85.61063829787234
82.89787234042554
76.11702127659575
81.09148936170213
82.7
86.03404255319148
78.24893617021277
81.27659574468085
86.82765957446809
83.96382978723405
84.99361702127659
83.98510638297873
83.16382978723404
83.22553191489362
85.08510638297872
84.97872340425532
85.50425531914894
79.0595744680851
84.69787234042553
84.28297872340426
79.92127659574469
84.83191489361703
84.2872340425532
81.90851063829787
78.8063829787234
80.63617021276596
86.07659574468084
87.57446808510639
86.53829787234042
87.98085106382979
82.57021276595745
86.58510638297872
85.46595744680852
78.94893617021276
82.29148936170213
76.96808510638297
84.8531914893617
85.13617021276596
86.64893617021276
88.8531914893617
84.49148936170212
83.28936170212766
85.4
83.3936170212766
88.5595744680851
81.86808510638298
81.73191489361702
65.45106382978723
88.42553191489361
82.47872340425532
85.51063829787235
88.16808510638297
83.93829787234043
87.3468085106383
86.98936170212765
85.53191489361703
86.67234042553191
87.95957446808511
86.51063829787235
63.4
86.62127659574467
87.32553191489362
86.92978723404255
89.52978723404256
88.1404255319149
67.88936170212766
88.08510638297872
89.42127659574469
89.28085106382979
86.31063829787234
82.5595744680851
83.59574468085107
89.4531914893617
87.41914893617022
89.77234042553191
89.45531914893617
86.97021276595744
88.63829787234043
84.22127659574468
89.32127659574468
89.70425531914894
89.51914893617021
87.88297872340425
88.09148936170213
86.90212765957448
83.65744680851064
86.30425531914894
87.03617021276595
84.61276595744681
90.2872340425532
84.69787234042553
88.49361702127659
88.98297872340426
84.5595744680851
89.17234042553191
88.01489361702127
89.20425531914894
76.73191489361702
87.43404255319149
87.89787234042554
86.50638297872341
86.95531914893617
77.35744680851064
86.72765957446809
87.70851063829787
85.91063829787234
85.05744680851063
88.18085106382979
78.45531914893617
87.67446808510638
88.07234042553192
86.99361702127659
89.4
89.61063829787234
84.95531914893617
88.4
87.84468085106383
86.54893617021277
86.80212765957447
88.01914893617021
88.5127659574468
85.45531914893617
90.87872340425533
90.96808510638297
81.17872340425532
80.45531914893617
88.80851063829788
88.59148936170213
84.41276595744681
90.5595744680851
89.23191489361702
85.3468085106383
89.92978723404255
90.75744680851064
87.63404255319149
91.24255319148936
91.18085106382979
88.81702127659574
88.05744680851063
91.10425531914893
88.68723404255319
89.52978723404256
