20.65531914893617
37.49574468085106
43.39574468085107
42.92765957446809
50.329787234042556
52.282978723404256
53.874468085106386
54.6
57.40212765957447
57.6
58.63191489361702
59.36595744680851
59.45957446808511
62.02765957446808
61.49787234042553
62.58297872340425
63.231914893617024
64.02127659574468
64.88297872340425
66.03829787234042
66.31063829787234
67.13617021276596
66.24893617021277
66.1659574468085
68.13617021276596
68.16808510638297
68.66382978723404
68.77234042553191
69.0468085106383
68.91063829787234
70.17872340425532
70.32978723404256
70.25531914893617
70.54042553191489
71.91702127659575
71.40425531914893
72.41489361702128
71.54893617021277
72.80212765957447
72.58085106382978
73.26170212765958
72.74468085106383
73.84042553191489
73.92340425531916
74.29148936170213
74.03829787234042
73.53191489361703
74.88085106382978
75.58297872340425
75.14468085106382
75.88510638297872
75.92978723404255
76.04255319148936
76.88936170212766
75.9
75.73191489361702
77.6659574468085
78.0595744680851
76.62340425531914
78.39787234042554
78.68936170212766
78.62978723404255
77.92340425531916
78.81063829787234
78.91914893617022
78.69787234042553
78.34255319148936
79.29787234042553
79.80851063829788
80.06170212765957
79.17446808510638
78.81914893617021
77.71063829787234
80.38085106382978
81.03191489361703
80.94468085106384
81.27446808510638
82.3531914893617
81.68297872340426
82.31489361702128
81.73404255319149
82.90851063829787
81.91276595744681
81.93617021276596
83.37872340425533
82.84468085106383
82.83191489361703
84.06595744680851
83.8063829787234
85.00851063829788
83.98936170212765
84.38723404255319
84.18936170212766
85.02127659574468
85.03191489361703
84.83191489361703
85.05744680851063
85.0468085106383
83.4872340425532
86.09787234042552
83.57659574468084
85.15531914893617
87.21063829787234
86.28936170212766
86.87659574468086
87.49361702127659
88.41702127659575
87.17659574468085
87.69148936170212
88.34893617021277
88.93617021276596
88.9
88.02978723404256
88.2404255319149
89.12127659574467
88.97872340425532
89.32765957446809
90.05106382978724
88.65744680851064
89.4063829787234
91.12127659574467
89.64468085106382
90.50851063829788
88.9872340425532
90.87021276595745
91.11276595744681
91.90851063829787
91.71702127659574
92.00425531914894
90.97446808510638
91.99148936170212
92.44893617021276
93.08085106382978
91.68723404255319
92.23617021276596
91.49148936170212
92.19787234042553
92.62553191489361
91.46808510638297
93.91914893617022
91.52127659574468
93.42978723404255
93.57021276595745
93.95957446808511
92.73404255319149
94.44893617021276
94.98297872340426
94.88510638297872
94.8595744680851
94.71063829787234
95.24255319148936
94.90425531914893
95.51914893617021
96.00212765957447
95.12340425531914
96.0468085106383
96.81914893617021
95.92978723404255
96.03829787234042
97.0936170212766
96.96595744680852
97.14255319148936
94.6468085106383
97.8
95.58936170212766
97.01489361702127
97.47446808510638
97.43404255319149
97.62553191489361
97.51702127659574
98.10212765957446
97.44255319148937
97.97659574468085
97.8595744680851
98.2127659574468
98.39787234042554
97.5
98.73617021276596
98.89787234042554
98.88085106382978
96.83829787234042
98.31063829787234
99.05106382978724
98.77234042553191
99.32978723404256
99.28510638297873
99.32765957446809
98.5127659574468
98.98936170212765
99.06382978723404
99.50638297872341
99.50212765957447
98.82340425531915
98.9531914893617
99.72765957446809
99.65957446808511
99.70851063829787
99.53829787234042
99.75531914893617
99.78297872340426
