33.59361702127659
41.38723404255319
48.12127659574468
50.99574468085106
52.661702127659574
58.52978723404255
57.95106382978724
57.63404255319149
60.61914893617021
62.44255319148936
67.78085106382979
66.64468085106382
67.6531914893617
68.63829787234043
69.69574468085106
73.5595744680851
73.87659574468086
71.47234042553191
73.9872340425532
73.50851063829788
76.51702127659574
77.60851063829787
78.22340425531915
78.71489361702127
71.2468085106383
79.41063829787234
78.20212765957447
79.75744680851064
80.4531914893617
80.67659574468085
82.17446808510638
80.46808510638297
83.14255319148936
83.52978723404256
83.54468085106383
85.0127659574468
85.98936170212765
85.04893617021277
82.92553191489361
85.82127659574468
86.72978723404255
87.20851063829787
86.83617021276596
87.67234042553191
88.42978723404255
88.58085106382978
88.0936170212766
87.74255319148936
89.52340425531915
89.41702127659575
90.21914893617021
89.24255319148936
90.1063829787234
88.6
91.22765957446809
91.92340425531916
87.90212765957448
90.68936170212766
92.18510638297872
91.9
91.91914893617022
92.68723404255319
92.11914893617022
93.67234042553191
92.02978723404256
93.89574468085107
93.61063829787234
92.89148936170213
92.31063829787234
94.74893617021277
94.31702127659574
94.62765957446808
94.77021276595745
91.21063829787234
94.22765957446809
94.99574468085106
95.12127659574467
95.08510638297872
93.64893617021276
95.70425531914894
95.49787234042553
95.40851063829787
92.52340425531915
95.74255319148936
89.01702127659574
96.34468085106383
96.04893617021277
96.17872340425532
96.28936170212766
96.43191489361702
96.3
96.38085106382978
96.12978723404255
96.44468085106384
97.55531914893616
97.13404255319149
96.18510638297872
96.75744680851064
97.13191489361702
96.9531914893617
96.42127659574469
96.79787234042553
95.32127659574468
97.81702127659574
95.25531914893617
97.01914893617021
97.45106382978723
97.21489361702127
97.21914893617021
97.1468085106383
97.51063829787235
96.6531914893617
97.95106382978723
97.55319148936171
98.17872340425532
97.80851063829788
97.11276595744681
98.38297872340425
97.61914893617022
98.01914893617021
97.54255319148936
97.92978723404255
98.50851063829788
98.08085106382978
98.23829787234042
97.51489361702127
98.15531914893617
98.1063829787234
97.86808510638298
96.6404255319149
98.41063829787234
97.24893617021277
98.40851063829787
98.2
97.86595744680851
96.99148936170212
97.91063829787234
97.3531914893617
97.89574468085107
98.02765957446809
98.18510638297872
97.86595744680851
98.6531914893617
98.47021276595744
97.21702127659574
98.20851063829787
97.88723404255319
98.26170212765958
98.95531914893617
97.5127659574468
98.84893617021277
98.72978723404255
98.5468085106383
96.79148936170213
98.94468085106384
97.65744680851064
98.04468085106383
98.5936170212766
99.07659574468084
98.95106382978723
99.0468085106383
98.6936170212766
99.18085106382979
97.87872340425533
98.43617021276596
98.29148936170213
98.60851063829787
98.17234042553191
98.91914893617022
96.76170212765958
98.48085106382979
98.60212765957446
98.88297872340425
98.78510638297873
98.58936170212766
99.01489361702127
98.97872340425532
96.27659574468085
97.97659574468085
99.20638297872341
99.11489361702128
99.04468085106383
98.72765957446809
98.93404255319149
98.93191489361702
98.56170212765957
98.82765957446809
98.20425531914894
98.89787234042554
99.08936170212766
99.2872340425532
99.2
98.96808510638297
96.32127659574468
98.98085106382979
98.79574468085106
98.30425531914894
99.01063829787235
98.01914893617021
98.60212765957446
97.8063829787234
98.93829787234043
98.6063829787234
98.2872340425532
98.7127659574468
98.51063829787235
99.33829787234042
98.50851063829788
98.15957446808511
99.03617021276595
98.1659574468085
98.8468085106383
99.14468085106382
99.09787234042552
99.47021276595744
99.35744680851064
98.71914893617021
98.18510638297872
99.11276595744681
99.37872340425533
99.27446808510638
98.63191489361702
99.08297872340425
99.19148936170212
99.37659574468086
98.81276595744681
99.21702127659574
99.5595744680851
99.12340425531914
99.31489361702128
99.31914893617021
99.02127659574468
98.47659574468085
99.51914893617021
99.3
99.0
99.11276595744681
99.10851063829787
99.42553191489361
99.27234042553191
99.58297872340425
99.27659574468085
99.39574468085107
99.20638297872341
99.56595744680851
99.02340425531915
99.10212765957446
99.18297872340426
99.32127659574468
99.06170212765957
98.96595744680852
99.25531914893617
99.00851063829788
99.45957446808511
99.37446808510639
98.1659574468085
99.61702127659575
99.29361702127659
99.32765957446809
99.08510638297872
98.79574468085106
99.37446808510639
99.39787234042554
99.51914893617021
98.60425531914893
99.44893617021276
99.1531914893617
99.11914893617022
99.2468085106383
99.57872340425531
99.4531914893617
98.91276595744681
98.34893617021277
99.15531914893617
99.23617021276596
99.52127659574468
98.86382978723404
98.41489361702128
99.42765957446808
99.09787234042552
99.5127659574468
98.97446808510638
99.12553191489361
99.08936170212766
98.42553191489361
99.48297872340426
99.26595744680851
99.48510638297873
98.8936170212766
99.31702127659574
99.5468085106383
99.52978723404256
99.5
99.40212765957448
99.39148936170213
99.6
99.58936170212766
99.59148936170213
99.39574468085107
99.37872340425533
99.05744680851063
99.46808510638297
99.52978723404256
99.03404255319148
99.52978723404256
99.41914893617022
99.00425531914894
99.41489361702128
99.5127659574468
99.33829787234042
99.50851063829788
99.65744680851064
99.64468085106382
99.5468085106383
99.17021276595744
99.57446808510639
99.6
99.47234042553191
99.42553191489361
99.38085106382978
99.62553191489361
99.28936170212766
99.26808510638298
98.64255319148936
99.50212765957447
99.36808510638298
99.2404255319149
99.51914893617021
99.55106382978724
98.7872340425532
99.64468085106382
99.20425531914894
99.25106382978723
98.92765957446808
99.60851063829787
99.71489361702127
99.34255319148936
98.89574468085107
99.44680851063829
99.61276595744681
98.93404255319149
99.67446808510638
99.69574468085106
99.06170212765957
99.4063829787234
99.42127659574469
99.72978723404255
99.50425531914894
99.57659574468084
99.34042553191489
99.79361702127659
99.60212765957446
99.43617021276596
99.51063829787235
99.48085106382979
99.23404255319149
99.59148936170213
99.09787234042552
98.31276595744681
98.91276595744681
99.33617021276596
99.62553191489361
99.41489361702128
99.15531914893617
99.55744680851063
99.47872340425532
99.51702127659574
99.22765957446809
98.99787234042553
99.43404255319149
97.95531914893617
98.71489361702127
99.53829787234042
99.57234042553192
99.22765957446809
99.70212765957447
99.22127659574468
99.75106382978723
99.48936170212765
99.55319148936171
99.56595744680851
99.7127659574468
99.46382978723405
99.72127659574468
99.66170212765958
99.46808510638297
99.38936170212766
99.62765957446808
99.36170212765957
98.96382978723405
99.4531914893617
99.2127659574468
99.72127659574468
99.4404255319149
99.59787234042552
99.70425531914894
99.55106382978724
99.38936170212766
98.68936170212766
99.29361702127659
99.63191489361702
99.7531914893617
99.54255319148936
99.23404255319149
99.78085106382979
99.56595744680851
99.14468085106382
99.64468085106382
99.52765957446809
99.7
98.95957446808511
99.5595744680851
99.72340425531915
99.63191489361702
98.82340425531915
99.35531914893618
99.02553191489362
99.67234042553191
99.76382978723404
99.76808510638298
99.29148936170213
99.53617021276595
99.71489361702127
99.49574468085106
99.56808510638298
99.23617021276596
99.74255319148936
99.5
99.57021276595745
99.4063829787234
99.18723404255319
99.39574468085107
98.81914893617021
99.60212765957446
99.5595744680851
99.76382978723404
99.5936170212766
99.49787234042553
99.47234042553191
99.4531914893617
99.45106382978723
99.61702127659575
99.72127659574468
99.56170212765957
99.44893617021276
99.31489361702128
99.67021276595744
99.67659574468085
99.71489361702127
99.66170212765958
99.34255319148936
99.58085106382978
99.44680851063829
99.77234042553191
99.56382978723404
99.65744680851064
99.67659574468085
99.43191489361702
99.53404255319148
99.52340425531915
99.26595744680851
99.60212765957446
99.76382978723404
99.58297872340425
99.32978723404256
99.60425531914893
99.58297872340425
99.48510638297873
98.05319148936171
99.5936170212766
99.49787234042553
99.52127659574468
99.72553191489362
99.29148936170213
99.44893617021276
99.4063829787234
99.18510638297872
99.77234042553191
99.57446808510639
99.6936170212766
99.44468085106384
99.30851063829788
99.6404255319149
99.29574468085106
99.28510638297873
99.75106382978723
99.30425531914894
99.70638297872341
99.3468085106383
99.61914893617022
98.83829787234042
99.2404255319149
99.8
99.54468085106383
99.7
99.64255319148936
99.38936170212766
99.26170212765958
99.62340425531914
99.70638297872341
