1.9710263224840163
1.5676224510669707
1.4799744409918785
1.4948365946412085
1.3857594223618508
1.4337194697260858
1.4091822199821473
1.4737226772904397
1.405287148654461
1.4275706725120545
1.4091692016124726
1.422706263422966
1.5963362696766854
1.4587470581531525
1.4283309580981731
1.4288741423487663
1.4244091727435588
1.4923803070485593
1.4647933522760868
1.3835232467651368
1.4156118379831315
1.4385451729893683
1.4363565919101238
1.3647652107179165
1.5219192356467246
1.6582270106077195
1.4489027279019355
1.4979934964478017
1.3695561462044716
2.102207874506712
1.4107146961987018
1.5029619831442833
1.5578371659517287
1.3567050058841705
1.4129178907573223
1.7848724035322667
2.833694218635559
2.162721840143204
1.5884354275763035
1.7698733049333095
1.7726598398089408
1.6488840593099594
1.3798189265727996
1.4869827964007853
1.6322429513931274
2.9659138408303263
12.454315129458903
1.5646785268187522
1.410517918497324
1.8389687378406525
1.494939874470234
5.065777348637581
2.6536815277338026
1.5940001549720764
4.246081117004156
2.14358507668972
2.1999940409958363
8.734711411058903
2.237077922850847
1.746882967799902
2.074748104840517
2.2286669640541077
3.3431512298882007
30.593426478922368
3.7345330254137514
232.55247622975708
6.511121169269085
1.8116086328327656
2.4580776792764665
1.7878195260763168
2.9589224669635295
31.958498772382736
37.56019386839866
1.482373518139124
1.861885260730982
2.496127002209425
3.3812968934327365
6254.547698779494
2150.52116962111
3.9082988695800305
3.5669120278656483
2.0973088186979294
9.90102650859952
4.294224737226963
21.10510931235552
1.6338292257487774
41.7992574853003
2.638377525061369
3.146699787259102
48.02881547871232
2.360560006290674
6.723202605545521
2.9918831397294996
11.710743652164936
2.9096409672498704
2.2094994992017747
22.38724303406477
5.10856593990326
5.6604604006111625
151.58300966519118
7.2011580014824865
7.204729477971792
5.527626687079668
20.45350686597824
5.496850867956876
12.543964151382447
26.59990904805064
2.552043691843748
13.863629147052764
3.380241805225611
1.762851341366768
5.703038009524345
6.756237034916878
58.50487416151166
6.5997019918859
3.491124244362116
1.511647285580635
2.348254487544298
7.804841194286943
14.341827656865119
3.8088456124067305
6.744960797578097
11.454856070309877
3.438199951827526
3.09691402554512
14.346680703699588
5.50923987531662
5.516697094380856
83.47165675902366
63.524038095116616
35.26310020595789
58.79653381073475
56.36081797111034
44.71036784279347
29.207202112078665
28.052040689110758
1881.775805022955
553.7663158717155
213.4972766830921
15.487844010412694
2.2813536839485167
2.280980878829956
2.284226403236389
2.2808690021038056
2.2816693971157074
2.2812853286266326
2.2804660351276396
2.2816073241233825
2.2797380368709566
2.282712512731552
2.2791613709926604
2.2809687106609347
2.2801289002895357
2.281853273391724
2.2802342143058776
2.281122547388077
2.2806474137306214
2.279653640985489
2.2804486379623414
2.2824228065013887
2.2792831609249116
2.2794126832485198
2.281321975708008
2.2802307350635527
2.2799507448673246
2.279935241699219
2.2827605929374695
2.27666397690773
2.2816228835582733
2.280992938518524
2.2785258178710937
2.2811951229572296
2.2829161264896394
2.2756231162548066
2.2792805089950563
2.280918282032013
2.2803416314125062
2.2807507040500643
2.2797067103385924
2.2818703227043153
2.2808294212818145
2.281687407255173
2.281045725345612
2.278049434185028
2.2801191563606262
2.2807123086452483
2.2784470205307006
2.2824057786464693
2.2788802230358125
2.278506374359131
2.2801057555675506
2.277733733415604
2.2791261072158813
2.2820362803936005
2.280160256385803
2.2804088535308837
2.279239833235741
2.2815782345533373
2.279557137966156
2.280213554620743
