40.327659574468086
45.41914893617021
40.55531914893617
53.42340425531915
55.638297872340424
55.646808510638294
55.08936170212766
54.374468085106386
53.47021276595745
56.257446808510636
55.3
57.34255319148936
58.15531914893617
56.753191489361704
57.06808510638298
56.87234042553192
54.361702127659576
52.765957446808514
57.37872340425532
55.719148936170214
56.31063829787234
52.81063829787234
58.751063829787235
56.263829787234044
58.11914893617021
58.04893617021276
45.282978723404256
58.40425531914894
56.10425531914893
59.84893617021277
60.231914893617024
53.84255319148936
54.87872340425532
62.51063829787234
58.95531914893617
58.708510638297874
54.16595744680851
54.88723404255319
57.48510638297872
55.219148936170214
60.863829787234046
58.719148936170214
59.3468085106383
61.223404255319146
56.07872340425532
62.225531914893615
59.87234042553192
50.42127659574468
55.742553191489364
58.52553191489362
62.99148936170213
56.06382978723404
60.61489361702127
57.92765957446809
53.82127659574468
60.14468085106383
56.56170212765957
60.693617021276594
62.648936170212764
57.702127659574465
60.280851063829786
54.40638297872341
59.19787234042553
60.253191489361704
54.853191489361706
62.263829787234044
62.748936170212765
64.15957446808511
61.259574468085106
62.69787234042553
60.34893617021277
59.41914893617021
59.54255319148936
64.20425531914894
61.191489361702125
62.55106382978723
49.04255319148936
63.46595744680851
59.287234042553195
64.92127659574469
57.91063829787234
51.03191489361702
65.88510638297872
62.259574468085106
65.7531914893617
35.67446808510638
64.42340425531916
63.96595744680851
62.01702127659574
64.69574468085106
63.4468085106383
63.47659574468085
60.4531914893617
62.8468085106383
64.37234042553192
59.16382978723404
47.702127659574465
61.1
62.94893617021277
64.06382978723404
61.09574468085106
61.67446808510638
59.6
54.4
52.63404255319149
63.229787234042554
62.93191489361702
62.33191489361702
64.75744680851064
62.251063829787235
52.57234042553191
56.274468085106385
63.95531914893617
58.51276595744681
51.58510638297872
64.52127659574468
60.52765957446808
58.94893617021277
55.9531914893617
59.136170212765954
60.793617021276596
56.84255319148936
52.48297872340426
58.33617021276596
47.85744680851064
52.1
53.92340425531915
35.02127659574468
32.82340425531915
35.83191489361702
36.96170212765958
31.58936170212766
30.593617021276597
26.891489361702128
31.606382978723403
37.18723404255319
38.56382978723404
41.67872340425532
38.685106382978724
10.736170212765957
10.736170212765957
10.638297872340425
10.736170212765957
10.736170212765957
10.736170212765957
10.736170212765957
10.736170212765957
10.736170212765957
10.736170212765957
10.736170212765957
10.736170212765957
10.736170212765957
10.736170212765957
10.736170212765957
10.638297872340425
10.736170212765957
10.736170212765957
10.736170212765957
10.638297872340425
10.736170212765957
10.736170212765957
10.736170212765957
10.736170212765957
10.736170212765957
10.736170212765957
10.736170212765957
10.736170212765957
10.736170212765957
10.736170212765957
10.638297872340425
10.736170212765957
10.638297872340425
10.638297872340425
10.736170212765957
10.736170212765957
10.736170212765957
10.736170212765957
10.736170212765957
10.736170212765957
10.736170212765957
10.736170212765957
10.736170212765957
10.736170212765957
10.736170212765957
10.736170212765957
10.638297872340425
10.736170212765957
10.736170212765957
10.736170212765957
10.736170212765957
10.638297872340425
10.736170212765957
10.736170212765957
10.736170212765957
10.736170212765957
10.736170212765957
10.736170212765957
10.638297872340425
10.736170212765957
10.736170212765957
