2.5767935358285903
1.935815339922905
1.7831890876293182
1.6946891075372696
1.6174718453288077
1.5190818765759468
1.4890326449871063
1.4528514036536218
1.4128403288424014
1.4111050765812396
1.291903251260519
1.284877959638834
1.2558511061668396
1.263876709640026
1.2393454079329969
1.1540144654512405
1.1578465250134469
1.1656002830564975
1.1483767541199923
1.1307665667682887
1.06043400734663
1.0673997457921505
1.0854578364938499
1.0437203551828862
1.0613176106512547
0.9960267374515533
0.9925426123589277
0.994075934752822
1.0027238113880157
0.9888902849406004
0.9762029762417078
0.9292652815580368
0.941668349981308
0.9299544531106949
0.9306656345278025
0.9055653740167617
0.895092166915536
0.8870902508944273
0.8964953633993864
0.904800604082644
0.8501419884711504
0.8416774721592665
0.836139074511826
0.8827861343845725
0.8537228037044406
0.8186210742741823
0.8117121425047517
0.8127424776256085
0.8097676218897104
0.8159463789463043
0.7690648316442966
0.7661872586980462
0.8074933997690678
0.7777325921729207
0.7645433952212334
0.7306370327323675
0.7497708794847131
0.7398289095163345
0.7500681863576174
0.7452880087643862
0.7000099261179566
0.7077694208100438
0.7289033398553729
0.7131122106313705
0.6988304878026247
0.6663143779337406
0.6751361787579954
0.6986733978241682
0.6980624241828919
0.6849667435437441
0.6594883985258639
0.6393309803530574
0.6547118112146855
0.6298437469676137
0.6761638057902455
0.6070249990783632
0.6191044469811022
0.6247257865965367
0.6169271968156099
0.6431420345716179
0.5944558165147901
0.5958794094547629
0.6036270353086293
0.5953342586569488
0.5910917474143207
0.565004483897239
0.5666117087118328
0.57265874414891
0.5709856932498515
0.576068704340607
0.5252982850130647
0.5549154813736678
0.5414077789448202
0.5439134041778744
0.5447868442721665
0.5148011104352772
0.5154601230882109
0.5315679146721959
0.5137795064114035
0.5193748681340367
0.47570081406459214
0.4914217346142977
0.4870621776022017
0.5044750251062214
0.48834849974745886
0.45428506199643015
0.4649511708766222
0.46918082345463336
0.46232775393966585
0.46246641873568295
0.41689585041534155
0.443427655633539
0.4351000466905534
0.44482378790713845
0.4441506090052426
0.40741919625829903
0.4074787784451619
0.40248217679187653
0.4254583442998119
0.42261397206038237
0.38380557620152833
0.37755449380818756
0.39045922508835795
0.3861206316044554
0.40401827441435306
0.3564556032642722
0.36517270013457165
0.36418538240157067
0.36377252657851206
0.37264570309780537
0.32916151112364606
0.3434496396752074
0.3401148058930412
0.3463219433533959
0.343730123960413
0.3014773668246344
0.3149925059019588
0.3161449927468784
0.3166268688468263
0.3215467414748855
0.2673814413016662
0.26811845449148675
0.29916501719108785
0.3020445430376567
0.30594097250606866
0.2615502886883915
0.25377752238465473
0.28129969381424597
0.2788176069515757
0.2756539905345999
0.2239212178096641
0.24648949788324534
0.2542068964201026
0.25696836264105516
0.2503777721012011
0.2142434644261375
0.22651724225096403
0.22404371192958206
0.2213344413060695
0.24514025249355473
0.18486603082343936
0.19926006799796597
0.2055201627475908
0.208045431508217
0.2174428739347495
0.17271712410054169
0.1806626922947471
0.18366746720066293
0.20585579754193895
0.19591028250590897
0.15110006115189753
0.150789862489386
0.1693737175746355
0.16775898205547127
0.18507129113026893
0.12777504197193776
0.1423195723792305
0.15248052283289143
0.15603442619842828
0.16045667310990394
0.11884671064419672
0.1252769358274527
0.1292478744633263
0.13506472907844
0.13489322819306107
0.10485746899835068
0.11203716969757807
0.11294608661334496
0.11041417834005551
0.12155251114477869
0.08261984321090858
0.0904056384198193
0.09746167632791912
0.10737594895652729
0.09569732723827473
0.07289030464570533
0.0756628814166179
0.0860870485107589
0.08743819555337541
0.08232287384258234
0.0615618047947064
0.06699138267512898
0.07049282771917934
0.07049853149730188
0.06614539008795692
0.04984077829105809
0.05349618537366041
0.04420723556703888
0.06477473975579051
0.0636163833227256
0.041568189538957086
0.04752774995574145
0.047868294240113754
0.04436818368635431
0.050070502934438994
0.03365759949435051
0.031743337425214124
0.03649775272737679
0.037765789512607624
0.037782624013896565
0.026105830280299416
0.026554049488608143
0.027367028424756426
0.025390071237001394
0.02975608616309768
0.018172471713689447
0.01993224100095449
0.02034825403355535
0.019936454732989658
0.021610813691848307
0.015221585611194313
0.014286915454867995
0.017886805778522103
0.015352591757142363
0.016186146181997173
0.01183475205112336
0.010357450433741177
0.011091001609554951
0.013297396115245648
0.014913845501549077
0.009056724606443823
0.009091515235986662
0.009964896977848183
0.009842261913967377
0.009630391719880208
0.007125071773183663
0.007418751776795034
0.007756994368382038
0.008192692635286563
0.008238036585438748
0.0064247588564984425
0.006433209897184497
0.006466705079511485
0.006959677191371156
0.007445316294879376
0.0059772061374292204
0.00573663728210613
0.0060711303220978155
0.0058769807670614686
0.006184865844697924
0.0053074249294968465
0.005104003114065676
0.005173219569879507
0.0053272398070002966
0.005160930581257844
0.004815496639569573
0.004714698479563594
0.00473846037477324
0.004971649318317759
0.004798015018264778
0.004205139409055846
0.004152786201131676
0.004518429543591992
0.004474893168322524
0.004385832654698788
0.003736016496556658
0.004015585519719025
0.004110559565164976
0.004218995364321472
0.0039154097015562
0.0035810796287714768
0.0036981144959790982
0.003715865440636662
0.003751189894017898
0.003893031167207937
0.0033587480478145153
0.0034404785284177708
0.0034459459517938527
0.0034785750090650254
0.0035241275935673
0.0030469185468300565
0.0032110884915837233
0.0033173211268908744
0.0032928932050060667
0.00338706818293484
0.0030261245480384105
0.0029563494505891867
0.0030962105162205943
0.0029813364758060745
0.0030392996397531533
0.0027810411749651393
0.0029214901966597606
0.002785262710918687
0.0029047335205395937
0.002907943672592282
0.002593368284827989
0.0027913684993573044
0.0026655821114402443
0.002767665808670245
0.002692007291909249
0.0024549532676014676
0.0024996501266996347
0.002694873578390798
0.0025415837853083757
0.0025400367259825318
0.0024562291770280353
0.0023344356239640546
0.0025264109414392805
0.0024369625212802932
0.002400988255174752
0.002271476922646144
0.0022587226688708596
0.0023113980176076437
0.0023596210225998674
0.002450003320824635
0.002155315548832732
0.0021948433651978122
0.0022794009569724947
0.0022150218828687683
0.002291097640329099
0.001994536297323293
0.00204028129056951
0.0021882466909264623
0.0021122911292845857
0.0021936611657438617
0.0020224730524141706
0.001995940921710826
0.0022048278973245488
0.002056660198971713
0.002058263068972792
0.0019650649408567917
0.0019175777314853803
0.0019576345846523966
0.0019256649323886564
0.00194742760470956
0.0019039533544489586
0.0017621665168935578
0.0018542221403849907
0.0018554016459743253
0.001950506323757736
0.001788974162376121
0.001721963354414811
0.0017832632903241575
0.0018835493444680652
0.0017597206754080617
0.0017315155782621331
0.0016739299792247948
0.0017088200908989392
0.0017881405001689927
0.0018210506190546312
0.0017360960451424034
0.0017298315698062651
0.0016593434965932374
0.0016791075423521987
0.0017208210148419313
0.0016151801974820046
0.0016232807874812351
0.0015665460454403046
0.0016157386745089752
0.0015981219315835916
0.001554996823355168
0.0015790144604206375
0.0016121569024646761
0.0015635949861085691
0.0015944027834301551
0.0014889016235440523
0.0015482400603209498
0.0015532840850632397
0.0015324010674743248
0.0015483146671736562
0.0014230173345803224
0.0014869195821223685
0.001512421894615727
0.0015199112521165716
0.0014441372629744363
0.0014142731850628253
0.001451087528541791
0.001373027766682185
0.0014727858946386619
0.0014517849019975984
0.0013417189766464048
0.001363355892946572
0.001461628155813969
0.0014187191279615946
0.001408985058737926
0.0013571133401553438
0.0013753662503109467
0.0013956931027514657
0.0013132477662879864
0.001379916679164836
0.0012931616491712247
0.0013551565890094252
0.0012604867313305021
0.001360730604302482
0.0013307675908065875
0.0012738707175287231
0.0012890378371143924
0.0013257386008727536
0.0012955171511758862
0.0012912405814977318
0.0012822733546850032
0.0012486536035621611
0.0012183530257576223
0.001247522316370123
0.0012841698266875313
0.0011887743544814384
0.0012287512540347602
0.0012459892630466527
0.0012919341514336792
0.0011915646069264767
0.0011364987019755971
0.0011208588708955176
0.0011875650359695555
0.0012564660414231526
0.0012456914966950023
0.0011339938390606211
0.0011765997009670172
0.0011335864210838054
0.0012066824980146293
0.0011758876120310333
0.00114625296149881
0.0011497432535261397
0.0011353119422278723
0.0011779248840670675
0.0011343150901254831
0.0011565578371375408
0.0010966193669564746
0.001124047808310138
0.0011132162841980744
0.0010877516768623536
0.001060900246161964
0.0010410107315540103
0.0010665742644191596
0.001135377228306652
0.0011270187587588793
0.0010524360817523756
0.0010740598129490308
0.0010682393803156174
0.0010212770701465389
0.0010854012904430803
0.0010391689678849617
0.0010280561056245573
0.0010061488095079766
0.0010810734695403425
0.001064598873708178
0.0010341437517189717
0.001022079610532387
0.0010441088523833741
0.0010026915154915058
0.0010135447482402923
0.001026801963734215
0.0010050761551876803
0.0009630434036394
0.001014193953722497
0.0010437556437354943
0.0009784207824885698
0.0009764852327784297
0.0009985111623873593
0.0009948020263568652
0.0009366899263648066
0.0009419111396355219
0.0009587864381653617
0.000986484083053483
0.0009382029183429381
0.001004441840646649
0.0009137875339592938
0.000909214498578649
0.0009459117982489715
0.0009134585458519382
0.0010017577335623856
0.0009044049162392582
0.0009627755808542702
0.0009190746127849252
0.0009027591919489453
0.000911749837918677
0.0009108761328900812
0.0009073103710129544
0.0008971625961889913
0.0008904448630741655
0.0009250604421314392
0.0009088664003577378
0.0008866026120722382
0.0008764331621775909
0.0009004808966217297
0.0008993958895513287
0.0008647721494102711
0.0008571249038958513
0.0008964633145768027
0.0008882038385517603
0.0008456432539354069
