2.1541390514373777
1.7678582565188408
1.7284743430018426
1.7185161101222037
1.7071700173616409
1.7013598989248275
1.7129091191887855
1.7516806004047394
1.7571938335895538
1.8157392512559891
1.9224145709574223
1.8135219992399216
1.742562535405159
1.7781389203071594
1.8514366141557694
1.806418335556984
1.8248237433433532
2.435801360964775
2.0076765881180765
2.056473161160946
1.893418027997017
1.836525342464447
1.910200955271721
3.177770831346512
1.918446516096592
1.9544246649742127
2.1114423481822016
2.0689157589673997
2.8466499797701834
2.0672937021255495
2.1146082549095153
4.540941205203533
1.9882907429337502
6.478344545722008
2.2447273545861246
2.1772226380109787
12.144912109196186
5.1030250844955445
11.385270171821118
8.778926306843758
22.90534151649475
12.054594738006593
7.185646148443222
9.535724141776562
7.031788112342357
6.869540767848492
5.2605667893886565
7.283647158682347
7.75169429475069
11.048609007060527
5.236917126238346
14.405877920746804
19.594275333583354
6.565578752696514
18.50213076978922
26.398489809215068
3.993227788448334
536.0981778162718
3.9382556848526002
9.770251230955123
8.033190083026886
15.269019237041473
5.592307138621807
7.814167791962624
28.699227491497993
23.187416721105574
27.683165132403374
14.79855720794201
29.602171003460885
8.367634339094161
10.931923943638802
16.477106251120567
2.325812528014183
41.60053109323979
24.8024915047884
2.670727925658226
4.3910217574834824
2.287645101547241
2.287050032258034
2.340517511844635
2.2870955789089202
2.286064033985138
2.2895868780612947
2.2882436187267303
2.2918484027385713
2.288415925741196
2.284068697452545
2.284498372554779
2.2859834921360016
2.290223293066025
2.2869615342617036
2.2859241313934326
2.285467200279236
2.285060903072357
2.2836646146774293
2.287393049955368
2.2837174282073973
2.2879084725379943
2.2818037109375
2.287317214727402
2.287554493188858
2.2844970557689668
2.284503741264343
2.2888651995658873
2.285922580718994
2.2862815911769867
2.2836298844814302
2.2826323306560514
2.286794972419739
2.284430300951004
2.283831625699997
2.283694908618927
2.2860488719940184
2.284151972293854
2.282163779735565
2.2800968105793
2.283210323572159
2.28919553399086
2.2844803094863892
2.2832947654724123
2.285447121858597
2.285555697441101
2.281444391965866
2.283885614156723
2.2849792196750642
2.284714188337326
2.282720235347748
2.2864261162281037
2.2838363666534423
2.284132869243622
2.2835136876106263
2.2828928482532502
2.2858999428749085
2.284233638763428
2.285029661655426
2.284181528091431
2.285118439912796
2.2783653473854066
2.287200540304184
2.282394031524658
2.285218986272812
2.2845595874786375
2.285247486114502
2.2856724321842194
2.280701581478119
2.28825924038887
2.2850939662456513
2.279176108121872
2.284403761148453
2.281040815114975
2.282660965681076
2.2809431052207945
2.2823047664165497
2.28570201253891
2.2840573246479035
2.2822914226055144
2.2827876007556913
2.284276615142822
2.2850967240333557
2.280383209466934
2.2849233438968657
2.2815569911003113
2.2825208394527436
2.281978202342987
2.2844438874721527
2.2832067279815673
2.281266529560089
2.284485934019089
2.2849489965438843
2.2809551563262938
2.285261545419693
2.2813693013191223
2.2837291293144224
2.284497551202774
2.281655383348465
2.284680673122406
2.280747548818588
2.2856751248836518
2.282294064760208
2.2820545825958254
2.2834927110671996
2.284441512107849
2.284306853532791
2.282524582147598
2.2795148870944977
2.284107656478882
2.2859042320251466
2.2820198037624357
2.2830816707611086
2.2847279875278472
2.283477249622345
2.2819580047130583
2.2835627617836
2.283039085865021
2.284234927892685
2.2845724313259126
2.2826260261535642
2.282642793416977
2.284665338754654
2.2818253431320192
2.283909934520721
2.2825141289234163
2.282757315158844
2.283288279056549
2.2842739770412446
2.2849976041316986
2.283406911849976
2.2859466648101807
2.2809472358226777
2.281595311641693
2.286721822977066
2.2804211053848267
2.28568830537796
2.2851212825775145
2.2822306118011473
2.2830006935596465
2.286374126434326
2.2834080939292907
2.2849240636825563
2.28137487077713
2.2837337019443513
2.2862426536083222
2.2840350375175476
2.28130991435051
2.2851387014389037
2.2820495779514314
2.281422971487045
2.2857343311309815
2.2844616577625274
2.2823782031536104
2.2872687492370605
2.2844195642471314
2.2855386209487913
2.2791174211502074
2.2821765642166136
2.2829899384975434
2.283754718065262
2.2830288195610047
2.2825785732269286
2.284990452051163
2.283223823785782
2.284773074865341
2.2854373393058776
2.281426937580109
2.2835540652275084
2.283803804397583
2.2819468376636505
2.285553288459778
2.285103902101517
2.278175414800644
2.2853572335243224
2.2839760184288025
2.2812433574199678
2.2830589292049406
2.2851333894729615
2.282377841234207
2.282992459774017
2.284405996322632
2.28645312666893
2.2827646040916445
2.2833163816928863
2.2836464147567748
2.286223294496536
2.280398854494095
2.282712167978287
2.2813982808589937
2.2814651634693144
2.283935158729553
2.28318426156044
2.2854905569553376
2.282948007106781
2.2872933700084688
2.280299233198166
2.283884613752365
2.281547733783722
2.2836354749202727
2.2822958018779755
2.283046994924545
2.281837392568588
2.2856234307289123
2.283966680288315
2.2841775150299073
2.2847358267307283
2.2800537507534027
2.2803932192325593
2.2809201309680938
2.281007442712784
2.2812787861824035
2.2883782875537872
2.2817371180057524
2.2825417618751525
2.2828591055870056
2.283329796552658
2.28331760931015
2.2814419276714326
2.2834917864799498
2.283721004486084
2.2830782549381254
2.28565634560585
2.2794671189785003
2.2833635685443876
2.282682373762131
2.2835936188697814
2.286549711227417
2.281048172712326
2.2819527468681335
2.2820695748329163
2.285031720161438
2.2816872096061704
2.2841306982040406
2.285722079515457
2.2835141196250914
2.2835338218212127
2.2799829003810883
2.285580755233765
2.2864136719703674
2.2822167661190034
2.2841868681907656
2.283639647960663
2.2831826272010805
2.2845675649642945
2.2807335007190703
2.286490736246109
2.2827406828403474
2.2833677282333373
2.282217260122299
2.285082981109619
2.281461213827133
2.2860304520130157
2.2823260374069214
2.2842238659858705
2.2827782225608826
2.284247675895691
2.284266214132309
2.2839093136787416
2.2848273537158965
2.2842855083942415
2.2854339668750763
2.278769529104233
2.2880088837146757
2.2832677924633025
2.2866995506286623
2.2829942135810852
2.2820339019298554
2.2810583155155184
2.2807978863716127
2.2836440460681917
2.2849498932361603
2.286685968399048
2.2841715302467347
2.283935838460922
2.28430358171463
2.2815152139663697
2.2858443372249604
2.2825542068481446
2.285666671037674
2.285698595762253
2.280072429895401
2.2854503896236418
2.2838254365921022
2.28677251124382
2.2818782358169556
2.289262545585632
2.2795876359939573
2.2815250968933105
2.2816400647163393
2.282185158252716
2.2839110221862793
2.284970885038376
2.2813898220062256
2.2868917458057405
2.2825454709529875
2.2827482664585115
2.2846220204830168
2.285449043035507
2.2830396628379823
2.2838063731193543
2.284287758588791
2.2836573719978333
2.286845438718796
2.283179390668869
2.286217946052551
2.2840761189460754
2.2835869636535646
2.2832094035148622
2.2829826753139497
2.28527654838562
2.2849540197849274
2.2832167608737945
2.284923263311386
2.284596788883209
2.2819944620132446
2.281247326374054
2.2846145997047422
2.2826846454143523
2.28334414768219
2.283345995426178
2.2835290360450746
2.2806874587535857
2.2862414309978485
2.284854201078415
2.2808962275981903
2.2820880553722382
2.2839834372997285
2.2863017003536226
2.284818853378296
2.284519254684448
2.2837542827129362
2.282646436214447
2.2841803166866304
2.2804051756858827
2.2845066902637483
2.2833332114219664
2.2822427752017975
2.2867844457626343
2.284320375919342
2.2857155401706697
2.280245654344559
2.2870920808315276
2.2820819787979127
2.2780935344696043
2.283949182510376
2.2832798185348513
2.286227152109146
2.2867104585170748
2.282987961292267
2.2834888920784
2.2840256345272065
2.28612424993515
2.281372352361679
2.2877089111804962
2.2833502659797666
2.2839144797325135
2.2823412516117094
2.2844612736701966
2.280720091581345
2.284996107816696
2.2858502604961397
2.2839883415699007
2.2836267874240876
2.283587465763092
2.2839877910614015
2.2809413874149325
2.284095170021057
2.287277239322662
2.2850332474708557
2.2855025188922884
2.2812187936306
2.2847421214580534
2.280854727268219
2.2828994228839874
2.2845668840408324
2.2850680816173554
2.282228100299835
2.284220162153244
2.284015997886658
2.2862641677856446
2.2863871626853944
2.28387327003479
2.280568601846695
2.2841956360340117
2.2854214642047883
2.282918998718262
2.285892922639847
2.282165424823761
2.2843170771598817
2.28662432718277
2.2811159694194796
2.284281909227371
2.2852963120937346
2.28302183675766
2.2841883249282837
2.286522412776947
2.282295858860016
2.2806848101615906
2.2838232865333556
2.286325266361237
2.279442017316818
2.280979521512985
2.2845586040019987
2.2882769241333007
2.283527911901474
2.286111047506332
2.2826403563022613
2.2827230496406554
2.2819975690841674
2.28350004863739
2.27975906252861
2.2869071288108827
2.2839507267475128
2.283289269208908
2.2822963807582854
2.2868445019721984
2.283384131193161
2.282093905687332
2.2835264594554903
2.2824163467884064
2.287748021364212
2.2837584433555604
2.2832699272632597
