1.9775114707350732
1.4951735135316848
1.218022794097662
1.1491735101342202
0.916261035233736
0.9104664910137653
0.7039876187220215
0.7261238627880812
0.552270815461874
0.578372061856091
0.4291088342424482
0.4400856189504266
0.30883852202864365
0.3333814652916044
0.24940114471036942
0.28079804515745493
0.174076460430515
0.19438906894606772
0.12658921481890137
0.16064691475615836
0.10989506839158275
0.12462560925335855
0.08359566716775589
0.11091903436529538
0.07534016609063837
0.09467504152686161
0.06787014161311708
0.08436255122409807
0.06050163195216965
0.06957724805133694
0.05453470445955941
0.058911893681116455
0.05289015791470865
0.05404443790657143
0.050182582443175534
0.05493354841074654
0.0459438075536442
0.050403519427334155
0.0468248248049104
0.04616052554879661
0.038346936272689765
0.049687202114298654
0.038721069190900306
0.04207622029501857
0.03704104985026763
0.033627207102107454
0.03506810295110594
0.042023126029625144
0.031085840205750073
0.03743525363656345
0.03096523709955866
0.037564765216154684
0.21559243036246775
0.03308567796818609
0.02491771295130288
0.033523649474569255
0.020390315328597773
0.03209736751411168
0.025821265042910824
0.03170515243180536
0.022803539682523324
0.03608534536433169
0.022417098650062132
0.027360548525649727
0.02853406435663696
0.0344482923688696
0.028319561227804102
0.02286800358129396
0.03164282995996784
0.0263632924450675
0.025374107759930452
0.02715319960562339
0.025014967205646894
0.026644699968878662
0.018622085310524988
0.08652903947173245
0.02378967796220868
0.026236484255684978
0.02000383279625245
0.022776592419580077
0.023404884328730037
0.02481458608969114
0.020601680044565255
0.024478634859394128
0.024513279059315843
0.021250173769952096
0.022580529783812878
0.020947036014545308
0.021889152334743315
0.022537942834480875
0.021590374399688774
0.022518662581779206
0.016159545465891975
0.022206605997914932
0.017340100888799476
0.021495387992175197
0.0174775091891402
0.020409451273451264
0.02298767677666334
0.02287364859866785
0.014751747042968479
0.026775128266223247
0.017603306549022507
0.026110809744152863
0.054221349442836436
0.021505480666527306
0.0210644274176686
0.01808255321300478
0.017533613950081118
0.022413611343665017
0.016838144929104938
0.01733860390059456
0.016592816157393785
0.026951414060040313
0.02458605302763147
0.020823084959802455
0.016056391798452512
0.016312188676477556
0.03047120709692209
0.01163791162280301
0.01636177369466421
0.019172117741697435
0.016677591217660246
0.0116312356879668
0.013855709918971691
0.020224295791241288
0.014784309673829469
0.017620517273009065
0.018429994992006375
0.01807919125148418
0.023170075680528885
0.015213626901975565
0.014043924132899543
0.016462996447520854
0.012778855561480703
0.020968492525817988
0.03791093869780702
0.01891432978831207
0.01435247721544657
0.39670159589421045
0.004059492199288813
0.02712045697676823
0.016404459733116376
0.020688351011404947
0.017968743744212888
0.015637144821986602
0.007940956268879052
0.019879631994561525
0.014547186947670343
0.013637010003650342
0.01647588728992458
0.01243266960558493
0.015548006555491628
0.012301665308952346
0.014179419175307207
0.02574624626474683
0.008140435462871697
0.01596253924313133
0.0741608113224114
0.014891392457921584
0.016730241975135427
0.01734215292762278
0.01910585005969199
0.012177999060410463
0.010287604434046064
0.014505435897045357
0.018054886887306866
0.013333168840317057
0.01591081050561135
0.015527694524661866
0.016227520391781113
0.016366526197323608
0.0127655470984692
0.013384476710033838
0.012154299093086044
0.017096496617226047
0.009842120463034294
0.017763803775089657
0.01249356710074378
0.01959142114147779
0.015278199332728483
0.014196274239341415
0.010166248855612079
0.01574061856967603
0.015398474442409873
0.01743927993689712
0.025048094793287113
0.013440746299838904
0.007768003696450144
0.017752198046084217
0.011862911375138953
0.017113962418990172
0.014780279393505584
0.01618328355813157
0.009579363915945787
0.016487943246485687
0.0335850436904626
0.01893477852144257
0.02703226922775948
0.02057651106552517
