2.1738159359693525
1.6805645211935043
1.5206650201678276
1.451418534487486
1.3811894423663615
1.2690263098180294
1.2310248951613902
1.2064655368328094
1.1978930268883705
1.195139949604869
1.0081705046594143
0.9820127103403211
0.9875483473017812
1.0021784802675247
0.9868857939392328
0.8252632406577468
0.8526978297792375
0.836218738399446
0.8495168245509267
0.8557210144102574
0.7224771771542728
0.7347501607816667
0.7435483230091632
0.7443627086021006
0.9995215762704611
0.6421140473303385
0.6414515397641808
0.6476207655593753
0.6531326105818153
0.6940005132355728
0.5661962530757301
0.5736840405636467
0.6229037952832878
0.5745679370285943
0.603484091236256
0.44071503127735195
0.5019175000377
0.5226786497784779
0.5199486641120166
0.5368763302224688
0.40179901659092865
0.45272992656653516
0.45924157493462553
0.459308134420542
0.4684645453863777
0.5744620278763759
0.3714163114359835
0.40407369085086975
0.41412760427675677
0.4044331522975117
0.3304190490897054
0.445298684369478
0.3418603726676156
0.40902611563616664
0.35093729355192044
0.2808411551645931
0.2977894366841938
0.5742258770119734
0.3020563844681492
0.3173965634588094
0.24493973455436024
0.25998872859825495
0.26108339928076385
0.29118903090972165
0.3110851465667563
0.21781410636286874
0.224194564785721
0.2621547511923343
0.2712237129511027
0.2614702061047428
0.19563488276639635
0.213245013924864
0.22204459061540274
0.5247237507839163
0.240895733308349
0.399312462675452
0.17864201197583024
0.20797984774612224
0.22794595361872136
0.3169595620952387
0.15668304034589625
0.20062429676355395
0.20475398478980286
0.18284543640304615
0.18699077596788316
0.1401317475730905
0.16426538776347505
0.1595508352558135
0.17685198759490345
0.16628658139635036
0.17258985850182404
0.14632339777967582
0.1816842720703263
0.1389753721843844
0.1544401915987445
0.11313331285413272
0.12786633778318868
0.12727499591879943
0.14173328493648393
0.15278531448918115
0.08838687875519363
0.12536004212818158
0.10847742806073095
0.13297943884309732
0.1326087033940596
0.10558458009571581
0.10632265084120968
0.11740865837893497
0.11490814258330255
0.12856399464794152
0.0968679813015311
0.09180361060778358
0.09496380115947096
0.11356929005338713
0.11721929301789595
0.0984054518333827
0.09925432468053523
0.11805660364469668
0.10650166335995351
0.1012607425400384
0.06863027812512877
0.09933263368742055
0.09508040598765284
0.09531737119538289
0.10309080117890886
0.08961198793914169
0.08776267637657748
0.10071306284223937
0.0864980974279494
0.08430524997732289
0.09455463397621974
0.0779463643798506
0.07516210145745879
0.09770291736882075
0.09977409837041006
0.0754727584945866
0.09861948062575249
0.08268493634263785
0.08228328836328425
0.08289785144239775
0.07766103076996922
0.07049547722775404
0.08021846276864683
0.11686949364844941
0.0772226299417413
0.11681660220504372
0.06464675938786352
0.06723720195571627
0.08144007995058794
0.17172221735721654
0.05699005285553987
0.06549666682831047
0.06399924098724655
0.09651704241217055
0.07782041724277775
0.06802841220453058
0.07712182528673162
0.06168105816575848
0.06309474733949831
0.0732203310013154
0.08696184866931078
0.08358056372147138
0.06334398455738342
0.06070790649522104
0.0680986832102051
0.05557909218136647
0.05922496148658247
0.42783519163075995
0.0752765082422532
0.06964788790227747
0.04803662050583297
0.056222566347578495
0.18501696253975716
0.05650082275028542
0.07811298855755612
0.04499811342037654
0.04824732439158822
0.06473761980689866
0.0518970337835429
0.049506517404883675
0.054381502002281354
0.058112346943944945
0.04885782864778346
0.057110016500349976
0.05370675122810989
0.04162676878833877
0.06667097201441233
0.04742587674077271
0.07336030308668368
0.0639420500736905
0.12084999875307423
0.057782216173202255
0.08092889139612688
0.054163430900705696
0.0636302964252634
0.08611109343905182
0.0354980561579192
0.05468323702964051
0.04864629278137011
0.06184796148829281
0.048631778062759354
0.052050070629503856
0.04894478391126591
0.045426092104921226
0.05595283454925142
0.046986424245873765
0.05628786503131006
0.05911802343034763
0.04941007502501215
0.04821107117074141
0.04488215331189457
0.03860082159963121
0.05047483172256538
0.05787966068738253
0.03767634415507266
0.03713219230139945
0.042211347631548594
0.1006045903974897
0.04188178056055433
0.04419902293481113
0.05222005541307843
0.03791331855144527
0.027609034485530776
0.05044533590736538
0.057463866440832394
0.03719576158075054
0.03649081111427633
0.055830106660247195
0.04558331216356371
0.0422209313962646
0.04294214848344923
0.04802252814277797
0.0416945471659685
0.05974779538628842
0.044429925170479515
0.04693370303311161
0.0506614312158627
0.038149401973106026
0.0568573552957302
0.048285485936202584
0.043362062821632776
0.03716759493787375
0.38600995520487885
0.042876429782467244
0.04126583326339627
0.05846266662355146
0.035880221844118716
0.08485561885417618
0.044465748155992246
0.054681642746483516
0.04750225396914731
0.03129323410100768
0.039524365131560074
0.04504698502283318
0.04012551843508897
0.028793043124882317
0.04875124085058346
0.037099322112825746
0.03947078419329609
0.04344616356005596
0.03929903937393855
0.0396486566040108
0.055943081468062435
0.0439531334731706
0.04433968228063551
0.03382100796326681
0.040478447833435155
0.058467238832748764
0.04378806864835505
0.04995218671989143
0.03231488695917824
0.022062106299591797
0.035877655278240786
0.05139940289794398
0.029816215685659297
0.031948005378997266
0.03512170692571341
0.03978342201872578
0.05686060741741579
0.032193612832883634
0.029058732211195985
0.03817830105004052
0.0391582950797677
0.04130047341103302
0.04142063749205313
0.041187757515369953
0.03449750419410623
0.03545695110002756
0.043369929336263366
0.03985778648476824
0.04532567484569438
0.044624351182253205
0.03809858680483046
0.02229683783931628
0.03322279826236518
0.030502863796945688
0.044820002281868845
0.039643067727883806
0.032401573461665084
0.03802429329044859
0.025745752261225885
0.044932856556798684
0.034164705124378116
0.03674396287370042
0.02751145543177985
0.1229665720332457
0.024102140871614865
0.029141227739412825
0.03779938553531436
0.03291841043061531
0.0826614755138566
0.029721621589017703
0.02469595606252295
0.05685700610432648
0.026803657443057592
0.022049141364710974
0.02692258724198512
0.0448940469987297
0.023370036306514175
0.0406368836228651
0.02632585401690361
0.02987500295284437
0.02385665147879852
0.041749569891505016
0.037880680286297305
0.03370634845818374
0.03682603738904333
0.023356163065495407
0.026838569947000037
0.03228082792810176
0.017320574864485336
0.029349826040983414
0.02975369295830618
0.040563725821429523
0.028365349402854744
0.03576832467767476
0.02378171189614463
0.028441495750401218
0.03721658660725767
0.030606209280357056
0.027957953171573964
0.025830682300347966
0.033697015646285404
0.04840788928085797
0.023767326434776876
0.025790992761308
0.040556770641184625
0.03348948462761654
0.02927397507042718
0.056196418102811806
0.03519918285420489
0.031037359828140786
0.025535723916294682
0.027957584727382696
0.023274777293099316
0.03044440217679763
0.03484009759086575
0.03442662383532381
0.0366305830573463
0.04048412761162277
0.036378871436632466
0.02275380145260985
0.048048206796738324
0.031059627034959115
0.036929088019340243
0.026199267327687396
0.03100073608513193
0.034056989760971476
0.038307678688097715
0.027100130528532752
0.018669766945422654
0.0523555526416267
0.029183754713798773
0.04140857709364933
0.027945620547155877
0.020111832815453517
0.043417965949095375
0.037710624453502956
0.030784181865054806
0.0398273805279265
0.02538206692651164
0.034177431290381574
0.021267820163661164
0.028677230675155773
0.019147165757414257
0.027206529591651287
0.03344925085235526
0.037319288627163424
0.02871689597714682
0.029384668150795944
0.02207560816070094
0.1588155760126085
0.02150453500775247
0.03850365032711109
0.027190016336449616
0.03937209466436844
0.028353392757124275
0.04691727001068626
0.04582969747012211
0.023827947688911565
0.03333087681924592
0.01513622923922411
0.024772091868972765
0.024995307768371607
0.05552276892406577
0.032528683760443586
0.020602129540564684
0.01932144924128747
0.02503108633187179
0.024158369588367392
0.03752319416400853
0.022412924304708662
0.03149629546406325
0.03500115443543331
0.040993560018559805
0.029622428636253292
0.039140962663041956
0.044089742643469085
0.025650143944757682
0.029739524275096896
0.015280536322069794
0.030780162567877033
0.03072895510578909
0.02566342748782214
0.02729508888081313
0.024575888865537732
0.01739897290049206
0.02223048607253927
0.028750866775534248
0.031197872415142183
0.015710528101519138
0.03056732561265074
0.021118551464075
0.11895653691486412
0.023638059600473386
0.022132951765199145
0.02705067234155986
0.040752383268832376
0.019618934213114746
0.04271870093024843
0.020808300696016746
0.023396410229824458
0.046592766596526426
0.03504490137166912
0.05513671059625712
0.03233917572202638
0.03640128368935795
0.03234475060175644
0.018104029562302816
0.05812414181340722
0.043296297959777436
0.01811044733052715
0.025544146243942165
0.03146537730129424
0.02541854209823017
0.019045581763318935
0.02451305614585344
0.02525414028979709
0.027421119551904353
0.018843048312429934
0.03537443695360376
0.023640513916861776
0.0445364068074122
0.04159666968176806
0.026937954650019483
0.031283205659930806
0.035891693470518835
0.03282080938578035
0.03863746358141599
0.03981411943783019
0.02655339430126539
0.050072255603196864
0.08155618700263097
0.026784394304594165
0.021024470765723276
0.020034171937958638
0.02054808355775083
0.13717387956263485
0.10179236942311289
0.03106746080609505
0.016207699718288632
0.04748964567544444
0.030184077440349427
0.01715409069883994
0.03296167310734278
0.02246732209867355
0.02331049345028099
0.03882431899009832
0.02053810982789256
0.057789252322438825
0.03470234629450269
0.021310119486517426
0.024788953509343653
0.026893432231025503
0.016568960366132177
0.0186523122159858
0.03216065242914835
0.014825438984431923
0.021488069155960146
0.035534822046585805
