42.01489361702128
50.62340425531915
58.861702127659576
63.1063829787234
71.07446808510639
72.38723404255319
77.72340425531915
78.51063829787235
83.40212765957448
84.08085106382978
87.6468085106383
87.79574468085106
91.31063829787234
92.26808510638298
91.77234042553191
94.58510638297872
94.72765957446809
94.67021276595744
96.40425531914893
97.20851063829787
96.8063829787234
96.86170212765957
97.73829787234042
98.05744680851063
98.1659574468085
98.12340425531914
98.39148936170213
98.09148936170213
98.63829787234043
98.07234042553192
97.73404255319149
98.9531914893617
98.91702127659575
98.91914893617022
98.6468085106383
99.07446808510639
99.19574468085106
99.02978723404256
98.7468085106383
98.80212765957447
98.5468085106383
99.12127659574467
99.09787234042552
99.04468085106383
99.47446808510638
99.20212765957447
99.41914893617022
99.57446808510639
99.54042553191489
99.11702127659575
99.00638297872341
99.1531914893617
98.6659574468085
99.28936170212766
99.52127659574468
99.21914893617021
99.62127659574467
99.11702127659575
99.38723404255319
98.98085106382979
99.54468085106383
99.50425531914894
99.75531914893617
99.41063829787234
99.43829787234043
99.6063829787234
99.52765957446809
99.23617021276596
98.98936170212765
99.1531914893617
99.4531914893617
99.53404255319148
99.64468085106382
99.66170212765958
99.54468085106383
99.67021276595744
99.00425531914894
99.61914893617022
98.99148936170212
99.80425531914894
99.37021276595745
99.62340425531914
99.64893617021276
99.54042553191489
99.68085106382979
99.79148936170213
99.22553191489362
99.5127659574468
99.37446808510639
99.57021276595745
99.55531914893616
99.42978723404255
99.37234042553192
99.67446808510638
99.42978723404255
99.38723404255319
99.63617021276596
99.3936170212766
99.47659574468085
99.67659574468085
99.49787234042553
99.7404255319149
99.71914893617021
99.7531914893617
99.41063829787234
99.71489361702127
99.6936170212766
99.67446808510638
99.65531914893617
99.68297872340426
99.62553191489361
99.81276595744681
99.72765957446809
99.6
99.61914893617022
99.74893617021277
99.41702127659575
99.7404255319149
99.8531914893617
99.6404255319149
99.82340425531915
99.68085106382979
99.76382978723404
99.69148936170212
99.80212765957447
99.71063829787234
99.61489361702128
99.3595744680851
99.86595744680851
99.72765957446809
99.48085106382979
99.58723404255319
99.63191489361702
99.73617021276596
99.76595744680851
99.58723404255319
99.72127659574468
99.82340425531915
99.83829787234042
99.90212765957448
99.80425531914894
99.76595744680851
99.69574468085106
99.74468085106383
99.78510638297873
99.78297872340426
99.79148936170213
99.8468085106383
99.80425531914894
99.79787234042553
99.81914893617021
99.52553191489362
99.71063829787234
99.7872340425532
99.81276595744681
99.78085106382979
99.72765957446809
99.68085106382979
99.70638297872341
99.60851063829787
99.78936170212766
99.87234042553192
99.79361702127659
99.81914893617021
99.72340425531915
99.9
99.87872340425533
99.87234042553192
99.76808510638298
99.82553191489362
99.52127659574468
99.70851063829787
99.32127659574468
99.85744680851064
99.61914893617022
99.68936170212766
99.88085106382978
99.87659574468086
99.89787234042554
99.87446808510639
99.81489361702128
99.78297872340426
99.85531914893618
99.50425531914894
99.74893617021277
99.71063829787234
99.91063829787234
99.84468085106383
99.5127659574468
99.73829787234042
99.91489361702128
99.7595744680851
99.78085106382979
99.6936170212766
99.82765957446809
99.75106382978723
99.73829787234042
99.87021276595745
99.81702127659574
99.78510638297873
