36.761702127659575
33.57659574468085
38.81063829787234
41.98297872340426
41.648936170212764
41.9468085106383
43.12340425531915
44.780851063829786
37.361702127659576
38.253191489361704
40.272340425531915
42.96808510638298
45.67872340425532
37.11702127659574
40.93191489361702
39.83191489361702
34.09574468085106
31.125531914893617
34.51914893617021
14.859574468085107
35.48510638297872
34.748936170212765
31.323404255319147
32.33404255319149
36.35744680851064
28.880851063829788
26.02127659574468
27.77659574468085
32.60851063829787
30.151063829787233
30.040425531914895
28.91063829787234
24.974468085106384
24.653191489361703
27.161702127659574
31.859574468085107
29.131914893617022
29.621276595744682
30.112765957446808
32.52340425531915
30.540425531914895
31.780851063829786
31.348936170212767
30.819148936170212
29.672340425531914
32.51702127659574
33.817021276595746
27.663829787234043
35.06170212765957
26.874468085106383
28.108510638297872
20.046808510638296
32.93404255319149
20.85531914893617
27.717021276595744
33.49574468085106
32.185106382978724
28.161702127659574
21.49787234042553
31.73404255319149
21.57872340425532
25.22127659574468
25.285106382978725
26.427659574468084
21.27659574468085
16.827659574468086
12.425531914893616
14.236170212765957
24.561702127659576
10.770212765957448
11.538297872340426
10.640425531914893
10.88936170212766
15.961702127659574
10.646808510638298
11.927659574468086
10.663829787234043
10.663829787234043
10.63404255319149
10.638297872340425
10.638297872340425
10.638297872340425
10.638297872340425
10.638297872340425
10.638297872340425
10.638297872340425
10.638297872340425
10.638297872340425
10.638297872340425
10.638297872340425
10.638297872340425
10.638297872340425
10.638297872340425
10.638297872340425
10.638297872340425
10.638297872340425
10.638297872340425
10.638297872340425
10.638297872340425
10.638297872340425
10.638297872340425
10.638297872340425
10.638297872340425
10.638297872340425
10.638297872340425
10.638297872340425
10.638297872340425
10.638297872340425
10.638297872340425
10.638297872340425
10.638297872340425
10.638297872340425
10.638297872340425
10.638297872340425
10.638297872340425
10.638297872340425
10.638297872340425
10.638297872340425
10.638297872340425
10.638297872340425
10.638297872340425
10.638297872340425
10.638297872340425
10.638297872340425
10.638297872340425
10.638297872340425
10.638297872340425
10.638297872340425
10.638297872340425
10.638297872340425
10.638297872340425
10.638297872340425
10.638297872340425
10.638297872340425
10.638297872340425
10.638297872340425
10.638297872340425
10.638297872340425
10.638297872340425
10.638297872340425
10.638297872340425
10.638297872340425
10.638297872340425
10.638297872340425
10.638297872340425
10.638297872340425
10.638297872340425
10.638297872340425
10.638297872340425
10.638297872340425
10.638297872340425
10.638297872340425
10.638297872340425
10.638297872340425
10.638297872340425
10.638297872340425
10.638297872340425
10.638297872340425
10.638297872340425
10.638297872340425
10.638297872340425
10.638297872340425
10.638297872340425
10.638297872340425
10.638297872340425
10.638297872340425
10.638297872340425
10.638297872340425
10.638297872340425
10.638297872340425
10.638297872340425
10.638297872340425
10.638297872340425
10.638297872340425
10.638297872340425
10.638297872340425
10.638297872340425
10.638297872340425
10.638297872340425
10.638297872340425
10.638297872340425
10.638297872340425
10.638297872340425
10.638297872340425
10.638297872340425
10.638297872340425
10.638297872340425
10.638297872340425
10.638297872340425
10.638297872340425
10.638297872340425
10.638297872340425
10.638297872340425
10.638297872340425
10.638297872340425
10.638297872340425
10.638297872340425
10.638297872340425
10.638297872340425
10.638297872340425
10.638297872340425
10.638297872340425
10.638297872340425
10.638297872340425
10.638297872340425
10.638297872340425
10.638297872340425
10.638297872340425
10.638297872340425
10.638297872340425
10.638297872340425
10.638297872340425
10.638297872340425
10.638297872340425
10.638297872340425
10.638297872340425
10.638297872340425
10.638297872340425
10.638297872340425
10.638297872340425
10.638297872340425
10.638297872340425
10.638297872340425
10.638297872340425
10.638297872340425
10.638297872340425
10.638297872340425
10.638297872340425
10.638297872340425
10.638297872340425
10.638297872340425
10.638297872340425
10.638297872340425
10.638297872340425
10.638297872340425
10.638297872340425
10.638297872340425
10.638297872340425
10.638297872340425
10.638297872340425
10.638297872340425
10.638297872340425
10.638297872340425
10.638297872340425
10.638297872340425
10.638297872340425
10.638297872340425
10.638297872340425
10.638297872340425
10.638297872340425
10.638297872340425
10.638297872340425
10.638297872340425
10.638297872340425
10.638297872340425
10.638297872340425
10.638297872340425
10.638297872340425
10.638297872340425
10.638297872340425
10.638297872340425
10.638297872340425
10.638297872340425
10.638297872340425
10.638297872340425
10.638297872340425
10.638297872340425
10.638297872340425
10.638297872340425
10.638297872340425
10.638297872340425
10.638297872340425
10.638297872340425
10.638297872340425
10.638297872340425
10.638297872340425
10.638297872340425
10.638297872340425
10.638297872340425
10.638297872340425
10.638297872340425
10.638297872340425
10.638297872340425
10.638297872340425
10.638297872340425
10.638297872340425
10.638297872340425
10.638297872340425
10.638297872340425
10.638297872340425
10.638297872340425
10.638297872340425
10.638297872340425
10.638297872340425
10.638297872340425
10.638297872340425
10.638297872340425
10.638297872340425
10.638297872340425
10.638297872340425
10.638297872340425
10.638297872340425
10.638297872340425
10.638297872340425
10.638297872340425
10.638297872340425
10.638297872340425
10.638297872340425
10.638297872340425
10.638297872340425
10.638297872340425
10.638297872340425
10.638297872340425
10.638297872340425
10.638297872340425
10.638297872340425
10.638297872340425
10.638297872340425
10.638297872340425
10.638297872340425
10.638297872340425
10.638297872340425
10.638297872340425
10.638297872340425
10.638297872340425
10.638297872340425
10.638297872340425
10.638297872340425
10.638297872340425
10.638297872340425
10.638297872340425
10.638297872340425
10.638297872340425
10.638297872340425
10.638297872340425
10.638297872340425
10.638297872340425
10.638297872340425
10.638297872340425
10.638297872340425
10.638297872340425
10.638297872340425
10.638297872340425
10.638297872340425
10.638297872340425
10.638297872340425
10.638297872340425
10.638297872340425
10.638297872340425
10.638297872340425
10.638297872340425
10.638297872340425
10.638297872340425
10.638297872340425
10.638297872340425
10.638297872340425
10.638297872340425
10.638297872340425
10.638297872340425
10.638297872340425
10.638297872340425
10.638297872340425
10.638297872340425
10.638297872340425
10.638297872340425
10.638297872340425
10.638297872340425
10.638297872340425
10.638297872340425
10.638297872340425
10.638297872340425
10.638297872340425
10.638297872340425
10.638297872340425
10.638297872340425
10.638297872340425
10.638297872340425
10.638297872340425
10.638297872340425
10.638297872340425
10.638297872340425
10.638297872340425
10.638297872340425
10.638297872340425
10.638297872340425
10.638297872340425
10.638297872340425
10.638297872340425
10.638297872340425
10.638297872340425
10.638297872340425
10.638297872340425
10.638297872340425
10.638297872340425
10.638297872340425
10.638297872340425
10.638297872340425
10.638297872340425
10.638297872340425
10.638297872340425
10.638297872340425
10.638297872340425
10.638297872340425
10.638297872340425
10.638297872340425
10.638297872340425
10.638297872340425
10.638297872340425
10.638297872340425
10.638297872340425
10.638297872340425
10.638297872340425
10.638297872340425
10.638297872340425
10.638297872340425
10.638297872340425
10.638297872340425
10.638297872340425
10.638297872340425
10.638297872340425
10.638297872340425
10.638297872340425
10.638297872340425
10.638297872340425
10.638297872340425
10.638297872340425
10.638297872340425
10.638297872340425
10.638297872340425
10.638297872340425
10.638297872340425
10.638297872340425
10.638297872340425
10.638297872340425
10.638297872340425
10.638297872340425
10.638297872340425
10.638297872340425
10.638297872340425
10.638297872340425
10.638297872340425
10.638297872340425
10.638297872340425
10.638297872340425
10.638297872340425
10.638297872340425
10.638297872340425
10.638297872340425
10.638297872340425
10.638297872340425
10.638297872340425
10.638297872340425
10.638297872340425
10.638297872340425
10.638297872340425
10.638297872340425
10.638297872340425
10.638297872340425
10.638297872340425
10.638297872340425
10.638297872340425
10.638297872340425
10.638297872340425
10.638297872340425
10.638297872340425
10.638297872340425
10.638297872340425
10.638297872340425
10.638297872340425
10.638297872340425
10.638297872340425
10.638297872340425
10.638297872340425
10.638297872340425
10.638297872340425
10.638297872340425
10.638297872340425
10.638297872340425
10.638297872340425
10.638297872340425
10.638297872340425
10.638297872340425
10.638297872340425
10.638297872340425
10.638297872340425
10.638297872340425
10.638297872340425
10.638297872340425
10.638297872340425
10.638297872340425
10.638297872340425
10.638297872340425
10.638297872340425
10.638297872340425
10.638297872340425
10.638297872340425
10.638297872340425
10.638297872340425
10.638297872340425
10.638297872340425
