49.652
58.194
67.42
70.02
71.654
74.442
77.438
78.624
77.218
77.982
79.806
80.806
81.25
75.644
79.904
82.342
73.56
80.196
79.436
81.618
82.82
83.508
83.968
85.57
84.304
86.824
84.086
89.092
87.102
86.76
88.914
87.924
89.764
88.502
84.706
86.132
90.098
75.76
86.14
88.138
88.202
89.912
91.182
91.076
90.048
91.684
85.702
91.5
84.878
92.108
92.228
91.904
90.328
90.886
93.444
94.056
93.088
76.024
93.648
89.604
90.04
88.774
90.262
90.428
92.984
90.536
95.232
91.854
93.442
89.922
91.734
90.216
92.36
92.296
92.866
92.388
90.394
94.112
96.422
92.82
95.55
95.492
94.734
94.916
94.962
94.944
85.386
94.678
95.312
94.65
95.81
95.422
93.036
95.526
94.458
95.024
95.26
96.45
96.332
95.846
