2.174666304469109
1.7337710459828377
1.548069082736969
1.460165921062231
1.4313838375806809
1.3665617377758026
1.2954139810800553
1.2697453422695397
1.279811416208744
1.206225532963872
1.1939576312303544
1.2022642421126366
1.05228139474988
1.0204576881155372
1.0517956431508064
1.0389917143061758
1.039015838995576
1.0054704416245221
0.9061784559972584
0.8501781000643969
0.8750773959606886
0.9145877599455416
0.919985865212977
0.9092171750441194
0.7557162662558258
0.7902015095874667
0.8068193753305822
0.7950726139824837
0.807393156606704
0.8235500803291798
0.6892741744231898
0.6948274499326944
0.7217189118675887
0.7220042092846707
0.7105014209374786
0.744110243557021
0.6029647400928662
0.6285261484277435
0.6286796140009537
0.6534017984783277
0.6670809022458271
0.6674206748888828
0.5299278380144388
0.5551188307498814
0.5609323313869536
0.5674858320332132
0.6050316014788113
0.6140737728672102
0.471579011298134
0.5047002652680967
0.5095100127456245
0.5437089987896616
0.5255242519479362
0.5471800240697339
0.44785317677818237
0.4895904352108482
0.4593512310455553
0.4742935063812183
0.505839778800495
0.5173514293003827
0.40284423481789416
0.400389129676023
0.41870069152320505
0.4451749668151606
0.4288460158167873
0.5473731947520574
0.34569802607616296
0.3925200368546648
0.39557299430029524
0.43746656115997395
0.41734566550294405
0.42492217784078096
0.33646723637357356
0.3356105082251015
0.3905691721109906
0.35002824815779243
0.3496884634767348
0.3731242618452525
0.3998776666542981
0.3117615727781522
0.3304714339045386
0.34387194610314326
0.3345161730596719
0.3579339445418445
0.27345014657251887
0.26856247456619164
0.33516310001692184
0.3084498778809575
0.34001052067650017
0.3193689348489352
0.23115575428094393
0.2846943634803083
0.27810433890979036
0.2773730007975555
0.27595679674640905
1.9305837946821993
0.23005096541768694
0.24833816866150302
0.23413345676053496
0.2622604633844014
0.26537708663726656
0.2641102719032706
0.20645836100287748
0.2182013824171363
0.22857416606797595
0.25080474280808085
0.23671973306700966
0.24685753928831974
0.20410289318530245
0.204478809892159
0.23621876610834597
0.19702797413851805
0.3222387636662099
0.21447884187657382
0.1926898624259299
0.19553557432492993
0.1985202524702221
0.23443603791997947
0.23313556170820451
0.2043021830722317
0.17270963861119026
0.1902509612609208
0.18463290985513753
0.1951819251189558
0.20021568466025474
0.21093514550887565
0.17664675663868823
0.18338710656650534
0.17516817209000846
0.19507823364485716
0.17647328910309246
0.18281772337193286
0.16352539350180098
0.17631922886610402
0.16230059978567832
0.1605729824103197
0.17009585750477482
0.19088706420433743
0.1333571783839648
0.15725304054830266
0.1713272376193275
0.17777321032736437
0.17358340531500518
0.17440126023546593
0.12948778844357628
0.15929014313194534
0.16271936198637899
0.16951504500241657
0.17890849592943625
0.1633169037163162
0.13288788879095148
0.17751104975610543
0.15825416319148433
0.14848084082536805
0.14142456283765073
0.15492820040862426
0.12997375488106888
0.15270790313938884
0.13481181847381266
0.15381446028657939
0.161284330594791
0.1585935221961849
0.11786154593239151
0.14220837772206069
0.12881580181938532
0.14185237880927273
0.16706188934000687
0.12777018013526512
0.1377626425227943
0.1329568048419467
0.13981204263349856
0.1197275280767579
0.1519380420794194
0.16439946203577782
0.13436514241615374
0.12746881498274884
0.1363877144042492
0.13387758416876325
0.12082895098350181
0.1502571732283946
0.11778294086464014
0.1338166690140207
0.11627298503876768
0.17149016774541126
0.1469721341409422
0.16468409212406712
0.11990115975504538
0.12421861754875316
0.1431036141391886
0.13109388056835383
0.13492242082892816
0.13516084369865328
0.12598938906065704
0.1262018937292981
0.13849282695748236
0.13561541863298537
0.13442492654982882
0.11999179731852042
0.13211306862485475
0.11887523326863562
0.13233419559309054
0.12995732538265942
0.181319628370187
0.1344201689624091
0.13390144874877252
0.13085258551807177
0.11631492845055194
0.12368370547166503
0.145599386167791
0.14052273317618044
0.15830324646216706
0.1365146190944109
0.11630575250956292
0.15416491815715308
0.11543780196793796
0.12622786932488758
0.1563876405690209
0.32917905352297383
0.15018502222495944
0.12253157920207378
0.12398864596950157
0.11398828051903256
0.12326337868650912
0.1330929409554695
0.1206246963504871
0.11686332256723189
0.14639848989508214
0.13258556251670336
0.12157088733169334
0.11443097233071388
0.10837619737882553
0.11776563998502158
0.1129895050637071
0.12391870670292558
0.11690147338770027
0.10765734579878165
0.10383942569730248
0.12624717559532106
0.16540635126521944
0.12563309423191632
0.11832968267763219
0.1063475632554639
0.12484769675560553
0.12276027135283155
0.14419843496608997
0.13001850282558006
0.13867760063089557
0.11198099928700177
0.09830575229540231
0.11486342935274323
0.4429684232112882
0.1491235052220565
0.09197155100782255
0.11955568790462538
0.1300949880705736
0.11615433049421628
0.13120270587586644
0.10311679609661312
0.09244007981257255
0.12158632244059886
0.09685459351363829
0.11711969284005828
0.12803791683261972
0.13164740379101514
0.10642866789356284
0.10015983119443814
0.23702550902039826
0.11000928843130774
0.13448791705136878
0.11173288362501275
0.2914544659534398
0.09162547761185674
0.10628580111377273
0.09752704783232428
0.11179613499692581
0.10133267341796307
0.11714677534643583
0.09170711528317574
0.12295268229343669
0.10826607832386204
0.11256552200490742
0.1144881836737217
0.11760653495397407
0.09356107751611595
0.11822648103516295
0.11147053005587929
0.0968374738824066
0.11002750144747901
0.10408881886485975
0.11781396692902538
0.10757348055266931
0.18395225288425163
0.09256242085742294
0.13598778228642203
0.11266913903428863
0.1123128170438794
0.10423157983931622
0.10610103400251876
0.11021908859708303
0.10249463747700537
0.08783942403077107
0.09843250054076
0.099583258657886
0.11714500865303623
0.1441486564876021
0.10106435416376695
0.15865915023722849
0.09423643450332578
0.08352531951779298
0.11206362023674903
0.11459144845980276
0.10496300026448727
0.10676888163840181
0.10347234242401251
0.09583857607229954
0.10690645873341607
0.1080101251104932
0.09616995189941244
0.07413086330059324
0.11923129825784289
0.13097532001948362
0.08884198565472379
0.09667199324686143
0.1576830573523214
0.09564716019912956
0.11560199290804389
0.11852514561423555
0.1307943297593449
0.08510398206381375
0.13934094885401635
0.11085356548405224
0.09639308830194283
0.10814332976737863
0.11667732311588432
0.09767866326249094
0.38900157945316854
0.0880135183525623
0.10367851105342882
0.0891319319069507
0.145214544999378
0.13354471995524936
0.12077624684722509
0.08180850040026769
0.11936104100906075
0.1333155623677782
0.12729393415827983
0.11764859527914437
0.11617813157009611
0.13193540546783375
0.08166734397367208
0.0966982331015299
0.08991150818232109
0.1073283248315864
0.14753286369846422
0.08950715267241081
0.0703234699816714
0.12265970854574743
0.09876914172164908
0.16404628440286928
0.08708379551128849
0.07927084746405876
0.09840256893785583
0.11983738729777493
0.08646145620529364
0.08401503510111587
0.08719304090775298
0.15517960253690838
0.0810110499852525
0.09320585012160583
0.12452063830900816
0.07406461682296193
0.11953184842219644
0.06970201781641933
0.10221867821896542
0.12076426807089172
0.08798035683603832
0.09771670641674068
0.08766542076115329
0.09929546571284922
0.09358174734901632
0.08150941882562557
0.08468962188502364
0.1165052591346475
0.09380706899017283
0.08086800122324399
0.08362848989742741
0.09094671145991043
0.10230374329887626
0.09947153703092694
0.10187688168211542
0.08935475710012367
0.14298231349397658
0.09065686137668805
0.12786035037887994
0.08253852666761849
0.08388746544144292
0.1708262191371127
0.08939172413233444
0.12189192836724827
0.2179889437858111
0.10436688439929585
0.10506449120015955
0.07609819199543477
0.13438249588730947
0.10312418389831353
0.19189050273951822
0.09043191102812348
0.09994040855456449
0.139747619139874
1.0978800060635066
0.09940376945642108
0.11865088105477734
0.11203153956762207
0.12107361726502863
0.1401556959749364
0.11990006469538304
0.09506064533899732
0.09548529655877983
0.10488674073417456
0.14911273324425242
0.11257918578319663
0.1301163025544462
0.08987882723430295
0.1057802737713212
0.09031550464648384
0.08829783526077072
0.09253521713255335
0.10554934795234017
0.09213338271233956
0.1074984326119866
0.10073552573290573
0.09085522264551839
0.12066402108411432
0.07130017594170472
0.09011730705761084
0.17420489810540318
0.07713831172470306
0.1268803833448051
0.10921038968280508
0.07981069985029737
0.09927181173094499
0.08941410309793454
0.09512065851476256
0.09614075300256587
0.06853220212947227
0.15406209155469328
0.1252578068071016
0.09802866836086747
0.12759834436699474
0.09420477245343586
0.07737660866970572
0.10248029525041709
0.1104392327099041
0.12726316934532245
0.10083351862952523
0.09779354629337175
0.09498603762942662
0.2284508701070575
0.08330855587523764
0.08576731739799118
0.11385380851753447
0.11507330082718054
0.07587331453078246
0.07168551196613464
0.11016112939716217
0.09249178668048506
0.10616549040332618
0.10936914858938919
0.08936867652814837
0.07206715826856398
0.11309783374136367
0.08064843692632484
0.10587831981542194
0.09293936845645319
0.09759912805977744
0.08565453428219919
0.1239817011507429
0.11121042649944743
0.08376497638765293
0.06631959417248204
0.0713992551360285
0.09154802737547325
0.10985232724821514
0.09812546542253116
0.10155436902168323
0.1165061515810305
0.08282998033022465
0.09184850250203526
0.06641628025737571
0.09166186501080682
0.13117997263893033
0.09409023889759859
0.09190032274820265
0.09284529226749291
0.10789547995710282
0.11146232738784106
0.1038932233519188
0.11289667120772519
0.07104788998955548
0.08077024932241764
0.08712643434218077
0.08114611405152237
0.06032477163935664
0.11398834382579184
0.15244876223194626
0.08911483491942099
0.10511467522326455
0.12667010430212175
0.15904426054999388
0.09233192929337156
0.11520856400175047
0.07404310984252677
0.11818423972590486
0.10366409157922178
0.06961909232257332
0.056883074920116725
0.08619034104042289
0.10969751922699743
0.20198736068525436
0.16839112961087582
0.10765553045382885
0.08662681505530438
0.07133259479641044
0.08666535519367438
0.09733021784277517
0.11381900886773934
0.09427626650630916
0.08342369215963628
0.09737701027282242
0.11038203348374498
0.08115838459906291
0.07452136089161181
0.1070513633321792
0.12303630561568778
0.07990962075373437
0.07075720435540868
0.07284441479079506
0.11564337528731414
0.097487662888857
0.10489742488122995
0.09732154727976108
0.08324381410447733
0.08470384564606077
0.14464703140677423
0.08931296487943603
0.1483982314772106
0.09448201013623878
0.08544477525115658
0.5871700703111885
0.09668317356809719
0.09671370258695888
0.08398847660289258
0.09525841248420304
0.049656601958126954
0.12810722259534055
0.07769034424790923
0.11586395755279709
0.1563556616193134
0.10530438691520988
0.08294023326379042
0.09331061272017735
0.06578315002703033
0.12525680212906068
0.09708634248811993
0.06895490139730104
0.07402370544082183
0.14999648297666443
0.11465436336962273
0.08895357692553434
0.08223624485987936
0.08964868085053274
0.07015391796025656
0.06170737906561293
0.075627195829577
0.12615788854808882
0.1216285944026396
0.0890273572854693
0.09988062853632125
0.06658582223347911
0.1122748493953791
0.06684640775295435
0.0851634215101994
0.12044824547455533
0.08416529255541953
0.08889747314486822
0.06278133224060402
0.13406165115175372
0.06797896311786503
0.10947456434099288
0.05618581153109559
0.07364822879532024
0.07457771524194742
0.09128383501253676
0.0677015522941326
0.1248809859996793
0.07843445957962306
0.11832383483105909
0.0924171375575402
0.07501187743401444
0.08436087761443402
