1.9519356371164323
1.6002341378331184
1.5770712535381317
1.5341775664687156
1.5617433731555939
1.5829843033254147
1.5173111097812653
1.5113479952812194
1.5611094982624054
1.474943289667368
1.4682561465501784
1.5196139238476754
1.4272641623914242
1.439455110192299
1.4797794052958488
1.4514734275341035
1.487733784854412
1.4276331247091294
1.4247582575380802
1.4472459776103497
1.4619953099787235
1.410331605911255
1.4080246631503106
1.7059747861027719
1.3972127544283868
1.4693356059491633
1.5145867171287537
1.6753978729248047
1.448026920467615
1.4480223315954208
1.4937859041690826
1.5395465338230132
1.4811279708743095
1.500797650396824
1.592579207777977
1.542002818584442
1.4743385499715804
1.4565761390924454
1.4662434189915656
1.500259390771389
1.5282358812987804
1.6151672187745572
1.5974410826265812
1.4659938556849956
1.4943589070737362
1.4968966757953166
1.4307377743124963
12.299882563173771
1.458426620543003
1.6553851085603237
2.3892479112148286
1.5173544734418392
1.4843613646626472
1.3868221054077148
1.6385595498085022
5.120515885859728
2.0540906603336335
1.4188929974734783
1.5104467724561692
1.9485101791024209
1.5646688677072524
1.58781265771389
1.452745751440525
1.4027826435267925
1.6769164356589317
1.5352567268013955
2.0436909682154654
1.8483510100245475
1.6767893606722355
3.581480176240206
1.673273140281439
1.4587268979251384
12.22714434942603
1.7397270047068596
2.872883629232645
2.4479051571786403
2.011065658926964
6.629281006008386
1.8897307553589344
1.9423968085348606
1.5980533835291864
2.1145011885762215
2.9142521237134935
2.4718166126608847
2.0072658378481867
6.095787979304791
1.7317120418548584
1.8984205149114133
1.8547108709216118
2.853160473704338
2.6556330509483814
1.7049201653003692
2.0281358233392237
2.1781524156928063
1.7169951070547105
1.663098451256752
1.6474757435023784
1.7633617346286774
3.557280235111713
1.82989068081975
2.4665277011990545
1.6380629853904247
21.74596127524972
1.6984963653385639
1.5922559393644333
2.2838394521772862
3.079173797428608
3.0551034792661667
1.5510803252756595
2.641428220897913
1.765695296317339
1.7451723212003707
1.6538234606981277
5.149560733824968
1.8357539219558239
2.8939201013147833
1.9444972269833087
1.8541370899677276
1.783918900489807
2.599780333727598
1.6456931428015231
1.591006191343069
4.837541736632586
1.9087412695884705
1.5993405471146107
1.5223001306951045
2.4447265435159204
2.9361218841671946
1.4616139869093896
86.31379388234019
1.526245551586151
1.6758270093202592
1.6230631726682185
6.507206103593111
1.958411126434803
1.4834143306314944
2.470951498925686
2.1811265662312507
1.6320459845364095
1.8785398115217686
2.5904094487130642
1.6700872230529784
2.0848623234629633
8.300610684633256
1.878774196445942
2.406567539602518
2.077719926804304
1.5361506966948508
6.013008048176766
1.6541567940711974
2.266667474210262
4.039978139400482
2.4657084131240845
2.261628077059984
1.7055549320280552
1.5611339676082134
2.4654358126819136
4.373739284902811
1.8297190724015235
1.4461194978654384
2.358859479099512
1.7623307593464852
1.5061070570647717
2.0147890586555004
1.4822645079791545
1.5946147091090679
7.480225030958652
1.5643883765041828
1.7133410270810128
2.5643570055365563
2.958955930560827
2.5482063367068766
1.5731336813271046
1.9543441224694251
1.7618221283555031
5.326958106994629
1.5795743802785873
1.8641856136023998
19.30390956658125
1.3558335269093513
2.0355689612329004
1.7275280691981316
1.4408049100339413
1.8448899606764317
2.4055975036919115
1.6303698548674583
21.26767413574457
2.550204161822796
1.3615688294172288
1.7919635497629642
2.0430299876332283
1.7398640269637107
8.81702753970027
2.1201300611793994
1.4773052398562432
3.55313908085227
1.70497310718894
1.892446818292141
3.380040302246809
1.3771419965326785
69.82507350343465
1.5130051936805249
1.3585662703216075
2.4047586268186567
1.9033855952024459
3.4692525874972344
49.45579600805044
19.645069222033023
1.7343691176474094
16.653760227560998
2.886100295096636
42.02124751418829
2.6917991052269934
1.8686047926545144
3.394525966256857
1.9696311778724194
1.8216395745277405
16.259424389094114
11.050647717624903
2.1013051541149617
6.454840893775224
23.1616403028965
4.212346818447113
12.72977190247178
1.4607344578057528
1.5701837309598923
3.4140720474123953
44.8580766171515
96.05504238599539
1.2658084855377674
1.295832801103592
301.42032282325624
2.0335829159766434
1.72505069565773
6.696424872964621
5.108405339226127
2.1887911586761475
3.801367253959179
2.087536017984152
9.182015663832425
34.596976127266885
8.006087025076152
3.0546717571914197
9.155668468415737
51.30154930084944
1.7868258246481419
2.8232850173413753
4.107271760433912
1158.8150038126707
4.00491667458415
1.338234183639288
1.6846082984805106
2.677377901092172
3.2103550372123717
1.4449287135899067
11.312792596757411
2.305827386140823
7.022591955035925
15.059470468580724
3.5619025330543517
16.314280519515275
4.1888885079622264
11.093133219242096
20.91254395008087
3.321007374972105
8.58766302153468
807.4545298064351
17.403323098659516
15.118694857507943
16.806675013959406
19.110470372736454
63.325408933267
1.4379650487601756
4.28036798658967
16.624482163965702
106.59216799539328
10.931866514474153
155.93614118602872
11.91809922093153
10.163782137691975
76.39745558303595
5.93110968029499
23.497125774860383
5.8704805062115195
141.27776376211642
8.80615428903699
19.292561974197625
115.50686037546396
21.16034586624801
3.253544351935387
2485.767313281536
4.91901872330904
3.877528628975153
2.2190085386931897
33.19634648865461
4.751237869292497
51.70083274993301
3.6825456108748913
8.47696219548583
5.31183318310976
