48.17
63.646
73.122
81.44
86.032
92.02
94.328
95.628
97.172
98.038
97.92
98.108
98.63
99.144
98.81
98.546
99.252
99.212
99.238
99.328
99.342
99.27
99.482
99.622
99.5
99.576
99.512
99.542
98.998
99.558
99.696
99.73
99.75
99.518
99.648
99.52
99.592
99.638
99.772
99.444
99.654
99.782
99.628
99.664
99.712
99.798
99.598
99.73
99.564
99.768
99.756
99.838
99.728
99.76
99.752
99.736
99.078
99.808
99.346
99.864
99.774
99.868
99.744
99.802
99.878
99.784
99.664
99.788
99.838
99.892
99.846
99.856
99.714
99.712
99.722
99.888
99.54
99.756
99.914
99.848
99.872
99.806
99.834
99.788
99.878
99.568
99.904
99.858
99.888
99.762
99.734
99.846
99.742
99.696
99.858
99.874
99.474
99.872
99.878
99.3
