2.5416198807954786
1.869939081430435
1.7111900111436844
1.5971671259403228
1.5380662071704865
1.4726542942523957
1.395329200744629
1.3552291650772095
1.324436494767666
1.2741369158625602
1.2720366132855416
1.2494021156430244
1.2145381031632423
1.1985698521137238
1.1747838857769966
1.1533492586612701
1.1490569870769978
1.1240424521267414
1.0981343919038773
1.092993403673172
1.0888449774682523
1.0634473732411862
1.0599198932647704
1.040721494972706
1.0253746913969517
1.0068344525396824
1.0223055716753007
0.9872632020115852
0.9900410122573375
0.9845916768014431
0.9452281980216504
0.9717270473837852
0.9644592461884022
0.9397839159071445
0.9330115253925324
0.9300373332500458
0.9089666796326638
0.9055836905539035
0.9270626774728298
0.8976325944364071
0.891137895077467
0.884435963600874
0.8774320992231369
0.8717646144926549
0.8602553234249354
0.8385777199864387
0.8547676222026348
0.8615493456572294
0.8400591306835413
0.8387619651108981
0.8202345589250326
0.8066608311086894
0.817179061934352
0.822616097599268
0.787158399283886
0.7995025806576014
0.8053553517535329
0.7886885137408972
0.7831402323246002
0.7739407577067614
0.758867505967617
0.7647592724859714
0.7800707160234451
0.7602275108993053
0.743798886410892
0.7519934841394424
0.7324829533100128
0.7318808037638664
0.7499287032783032
0.7129202471375465
0.7327568709850312
0.7267537907212973
0.7166750294566154
0.7020014652311802
0.7152388855069876
0.6985296906083822
0.6841786495223642
0.70133853957057
0.6811995305866003
0.681689985692501
0.685357322871685
0.6643703027814627
0.6761920748949051
0.6729124020412565
0.6674603926092386
0.6566227160841227
0.6496227522343397
0.6418185910731554
0.6387790920734405
0.6546798491179943
0.6203201044350862
0.6307938204407691
0.6520062661468983
0.6173790631890297
0.6128153936862946
0.6296809442937374
0.6000715341344476
0.6181199364364147
0.612971491381526
0.5850458915829658
0.5963192318677902
0.6117271751016379
0.5803052747994661
0.586855715751648
0.5885572125539184
0.574416249923408
0.5644999982193112
0.5804568732976914
0.5616361063718796
0.555823640614748
0.570687508456409
0.5503850336372852
0.5446161788851023
0.5631009246557951
0.5295136783719063
0.5493103984743357
0.5440460589379073
0.5127015534192324
0.5408757483586669
0.5341140915676952
0.5231299800872803
0.5130745872110128
0.5180552378818393
0.5121101471707225
0.5083781923949718
0.5019343064948917
0.4892360545694828
0.499151568852365
0.500374514862895
0.47789878385514023
0.488072696108371
0.49398426253721117
0.4868760772831738
0.4626971011385322
0.48052617003768683
0.4614513031318784
0.472437502168119
0.46237922001630066
0.4426656721457839
0.4581672168560326
0.4661560108885169
0.4354405780732632
0.45177736204862595
0.4486376333385706
0.4271453171111643
0.43800586058199403
0.44047786889970303
0.4205114300101995
0.4302955733537674
0.4222601532079279
0.4085464402586222
0.398876835167408
0.4275516769438982
0.3979368942454457
0.39188199631124737
0.41362108805030584
0.39201217705383895
0.39139947727322577
0.402603585280478
0.37391520832851527
0.3850413268133998
0.3896035531759262
0.36304576928913596
0.36979091512598095
0.3869470602087677
0.35119450448825956
0.36541478778608144
0.3723647860623896
0.3438091520220041
0.3560975019428879
0.3574006999209523
0.33337315678969026
0.34049761316552757
0.3545649655908346
0.32286098980903627
0.3346698072180152
0.3423383136000484
0.3226733583547175
0.3299041440412402
0.3230694696456194
0.30407251593470574
0.3156609196718782
0.3215025674533099
0.2909209315739572
0.31049109405465425
0.3099178879261017
0.2952596156094223
0.29254610745981335
0.29473235718905927
0.27749839356541633
0.2891282039415091
0.2975823481455445
0.26688921893574297
0.2791362486872822
0.2825352908410132
0.26107478013820945
0.26745915715396407
0.2766343030296266
0.2528199649881572
0.2541852206401527
0.2678848225288093
0.242865304434672
0.249392964001745
0.25401082593761387
0.23023860305920243
0.24333350281231106
0.24841129055805505
0.22536299707740545
0.23169800793007017
0.2394553634598851
0.21429920568317176
0.2253932407218963
0.2261290654214099
0.2137974054524675
0.21527747475728393
0.21858808569051325
0.199492607191205
0.20343275620602072
0.21485345401708036
0.18954552989639342
0.202795753961429
0.20288389341346919
0.18510424739494918
0.18531192570831626
0.20069496164564044
0.17532918624393642
0.17840817732270808
0.18918097426742314
0.1670892658373341
0.17090723619703205
0.1805444429581985
0.1601244123019278
0.16125232446473092
0.17315400160476566
0.151189732584171
0.1622045974098146
0.16001337303826585
0.1453403095062822
0.15030003335280345
0.15202381431683898
0.1417923070602119
0.14451474546268583
0.14385721128340812
0.13358256755955517
0.1367221005563624
0.13556753236055374
0.12107393804285675
0.12906517958641053
0.13520245845289902
0.11612845888547599
0.11927691602287814
0.12601556285843254
0.1045062846178189
0.11413770035002381
0.12512233475176618
0.1045647551175207
0.11019681611191481
0.11477468658750876
0.09969651071215048
0.10410043376754038
0.10735012427158654
0.086739843363408
0.10085467714350671
0.10421379886427894
0.0848891579019837
0.09336304879665841
0.09676317458995617
0.08141454671649262
0.08751499856915325
0.088165444616694
0.07507663328270428
0.07651171967876144
0.0878555839182809
0.07128436205675825
0.07584817948797717
0.07502910725888796
0.06674660280067474
0.07050860069948249
0.07200783155695535
0.06257556545874104
0.06359892659937032
0.06830220843525603
0.05481390753854066
0.059484517753357065
0.06398362135305069
0.0505543555424083
0.05707144482736476
0.058976061176508665
0.0497182896619197
0.0488434023396112
0.056811130655230954
0.044790177985443734
0.04948823613964487
0.05164970694063231
0.04030263078666758
0.04601671468152199
0.0454496880461229
0.03994654409692157
0.041510357848485
0.04330124745937064
