40.118
45.4
54.744
54.258
55.208
50.354
58.27
49.42
56.334
63.174
61.278
61.778
59.978
57.616
62.694
61.4
62.182
58.304
62.97
66.82
66.384
62.948
61.69
64.918
61.98
64.482
60.0
63.196
62.43
63.876
65.862
62.206
63.186
67.688
60.696
62.038
63.222
65.354
63.212
45.588
57.858
68.672
57.654
67.85
63.864
58.388
66.366
59.106
60.732
64.676
67.082
60.41
64.522
57.832
62.016
66.256
67.644
67.184
65.322
69.616
65.984
64.186
62.246
64.396
63.812
62.286
62.494
59.178
66.766
69.128
66.514
65.164
60.032
67.634
62.262
67.588
68.998
61.226
64.426
63.432
69.812
70.956
66.72
67.656
67.232
69.088
55.286
66.492
67.61
64.42
62.06
66.346
68.58
68.694
68.596
65.624
68.044
65.202
68.182
67.964
67.688
59.434
67.982
70.994
65.65
67.198
65.704
67.158
66.368
69.66
63.954
59.898
63.906
66.67
66.484
66.394
68.152
67.012
67.892
66.05
64.918
63.682
65.918
67.0
62.742
67.256
64.702
70.354
67.122
67.822
66.43
63.738
68.818
66.846
58.804
65.516
69.95
68.942
69.394
69.278
64.564
69.364
69.516
67.968
69.7
70.264
69.53
65.384
69.076
67.226
70.196
70.066
68.502
67.372
68.592
67.644
64.182
69.674
71.206
70.364
65.858
59.452
68.426
69.72
60.768
70.088
67.724
69.494
68.696
71.93
66.65
66.646
69.592
67.544
66.614
69.28
68.526
70.394
71.192
72.114
69.426
69.338
67.646
67.26
64.468
69.746
64.254
70.606
69.852
69.176
71.278
71.332
63.426
67.304
69.752
70.862
67.192
69.544
69.182
62.982
69.022
69.222
71.022
64.642
70.104
68.524
68.596
71.992
70.972
72.706
71.514
69.874
70.568
72.722
67.692
68.946
71.74
70.576
71.588
67.582
71.734
70.702
69.784
72.762
73.12
70.484
71.558
66.592
71.26
68.22
68.846
65.436
69.29
69.326
72.238
65.002
69.786
69.558
71.882
70.602
65.37
69.676
73.854
69.974
68.728
71.32
71.06
71.032
68.812
69.134
73.316
71.83
68.352
70.136
68.982
65.224
73.474
68.41
67.134
70.928
68.542
68.516
70.032
68.59
72.614
66.568
71.904
67.256
72.558
70.014
71.972
68.304
68.224
70.488
72.038
71.322
69.148
72.36
68.558
69.44
71.684
68.182
71.004
66.306
72.024
64.624
72.69
73.35
72.292
66.312
71.646
72.312
72.308
68.954
68.306
70.592
73.14
73.288
71.74
73.322
