39.756
50.826
57.346
60.848
63.266
64.086
70.368
73.072
74.032
75.278
78.822
78.584
81.046
82.586
84.274
86.878
85.974
88.13
89.802
90.786
91.802
93.344
93.924
94.224
94.46
95.552
94.986
95.702
95.402
96.818
96.554
96.876
97.764
97.066
97.38
97.2
97.924
98.024
98.5
97.532
95.972
98.35
98.018
98.614
98.32
98.41
98.666
98.272
98.794
98.77
98.614
98.424
98.954
98.574
98.83
98.978
98.834
99.024
99.304
99.012
98.654
98.462
98.86
99.298
99.124
99.028
98.416
98.63
98.734
99.34
99.026
99.334
99.016
99.304
99.218
99.254
98.996
99.348
99.312
99.002
99.402
99.588
99.074
98.892
99.366
99.594
99.68
99.206
99.344
99.558
98.408
98.9
99.172
99.446
99.454
99.468
99.316
99.556
99.634
99.27
99.45
99.57
99.18
99.512
98.466
99.268
99.648
99.582
99.4
99.66
99.378
99.518
99.598
99.586
99.512
99.668
99.582
99.666
99.38
99.586
99.788
98.602
99.488
99.14
99.756
99.662
99.498
99.728
99.758
99.69
99.744
99.578
99.632
99.756
99.538
99.7
99.724
99.604
99.014
99.522
99.73
99.176
99.784
99.79
99.308
99.776
99.76
99.604
99.388
99.766
99.55
99.338
99.704
99.564
99.592
99.748
99.386
99.4
99.494
99.64
99.558
99.758
99.74
99.606
99.572
99.686
99.77
99.324
99.728
99.654
99.778
99.58
99.106
99.704
99.718
99.656
99.666
99.73
99.852
99.792
99.708
99.396
99.732
99.352
99.654
99.044
98.882
99.898
99.586
99.654
99.66
99.804
99.816
99.804
99.602
99.806
99.3
99.816
99.7
99.774
99.798
99.376
99.858
99.748
99.616
99.618
99.788
99.724
99.518
99.722
99.7
99.238
99.792
99.506
99.81
99.846
99.486
99.412
99.796
99.588
99.74
99.656
99.358
99.792
99.628
99.5
99.744
99.788
99.558
99.736
99.688
99.648
99.806
99.642
99.722
99.718
99.538
99.83
99.636
99.696
99.882
99.796
99.782
99.796
99.562
99.84
99.804
98.94
99.486
99.462
99.806
99.706
99.738
98.58
99.752
99.846
99.834
99.376
99.852
99.72
99.708
99.816
99.692
99.648
99.686
99.604
99.702
99.762
99.556
99.768
99.848
99.82
99.818
99.542
99.834
99.716
99.726
99.626
99.812
99.69
99.824
99.89
99.604
99.874
99.776
99.652
99.854
99.704
99.536
99.66
99.796
99.792
99.648
99.648
99.758
99.822
99.692
99.698
99.884
99.834
