2.524255944609642
1.7283049894571305
1.5314689193964004
1.4461022101640701
1.3739893006682395
1.3326127108931543
1.2849168730974196
1.2487020516395568
1.2264019082784652
1.1952662316560745
1.170203322827816
1.1415004836916924
1.125005418598652
1.107416777908802
1.0876551072001457
1.0767758580446243
1.0544105551242828
1.034668204665184
1.0254821087121964
1.01896713244915
1.0085107719898223
0.9874961786866188
0.9822145404815674
0.9755846137404441
0.9645259102284909
0.9538484549224376
0.9462385820746422
0.9325611913204193
0.9251280198097229
0.9157794092893601
0.9104304493665695
0.9006539212763309
0.888984023064375
0.8829592558145523
0.8818559295535088
0.8729225061237812
0.8671486602723598
0.8631392357051373
0.8514205297529698
0.8507647286355495
0.8485334367752075
0.8312394992411136
0.8311932766139507
0.8252342187166214
0.8225870521962643
0.813545999199152
0.807881393790245
0.8011994358897209
0.7912566433250904
0.7854838816523552
0.7879257753491402
0.7824901487231255
0.7689923902153969
0.7671553146541119
0.7632242659926415
0.7573810538649559
0.7564895786046982
0.7503993964195251
0.7449186617434025
0.7385955698639154
0.7331402300596237
0.7269017389416694
0.72429557877779
0.7209781820178032
0.724799860984087
0.7073237300515175
0.7106618993580341
0.7029470912516117
0.703640057682991
0.6942322539687157
0.6861785455197096
0.6869047880470752
0.6839368833601475
0.6814326640367508
0.6730912213176489
0.6761561272144317
0.6640651484429836
0.6655005034655332
0.651327701807022
0.6505793283283711
0.6516029479205608
0.6452929436415434
0.638300819337368
0.6378376509845257
0.6322122647762298
0.6355060985833406
0.6232017384916544
0.6247393961548805
0.6190471381545067
0.6104683310091495
0.6119145577698946
0.6054577645510435
0.6041730348020792
0.6023428864181042
0.5966159512549639
0.5876064719557762
0.5890343151539564
0.5917658301889896
0.5845699446797371
0.5846124505996704
