1.8610664681196212
1.1762121931910514
0.9008223752975464
0.7219456954151392
0.6074220196008683
0.4826974203586578
0.3947504595965147
0.34475917064025996
0.27612233607657255
0.2872722523796838
0.22615022001089527
0.460291787418304
0.17086688247788698
0.1456657883579901
0.11803368155029602
0.11829291449231095
0.11044532531089499
0.10234772291954142
0.10456734328687889
0.09193972853777087
0.08465546131084557
0.08365038516239565
0.10240386096526345
0.09060119598462915
0.08731952353375254
0.07399461456851805
0.07034665034726459
0.07727885278877329
0.0782874224582356
0.08850506787463747
0.06952306562596687
0.07015348578689594
0.06313189182582392
0.06847083241691507
0.05903087822722955
0.06592804677978278
0.056665351364119945
0.06102349327510592
0.06109095149703262
0.06124747976250787
0.06848382822522586
0.0661909343208697
0.058970224689961354
0.06822043578042031
0.07514746817965375
0.05231194739462512
0.06014138425346869
0.06149685027270118
0.10010212088643254
0.06180531913070774
0.0548183335847043
0.06730898909556504
0.05146816113942953
0.05564203354858455
0.05972664556095532
0.055011461193420444
0.05058727483138228
0.05856384117361358
0.05105001051924608
0.06601325436374918
0.0912486544249966
0.0655550145003155
0.07201651709044608
0.06857105511745007
0.0844483802961903
0.05006534499826608
0.04576931798711544
0.05547242605506513
0.05757043640435495
0.053834470697852826
0.051360156455780764
0.04605171813217155
0.05086813458039686
0.07633026112741129
0.051937359215208645
0.09436432236852477
0.04754526975965205
0.043550560839166544
0.04553492485704373
0.049371293069481376
0.06262060069942765
0.061375123499940995
0.05666915608183331
0.06110714224508154
0.3441362179376271
0.06176762755420076
0.06712900194719304
0.06776365958086368
0.05599324191553254
0.04888945090921332
0.05185144342552659
0.050490236153926026
0.08999900530931669
0.04454858845158202
0.07889858698144846
0.05290393766661067
0.04534420030091773
0.04667844647658883
0.052862046520725424
0.0545317193345814
