33.834
40.144
43.016
48.664
41.112
49.616
50.232
53.026
54.824
54.576
55.37
55.722
58.046
52.738
57.558
59.77
54.472
55.252
61.09
59.154
59.684
58.16
59.98
59.888
60.7
58.754
52.542
56.712
56.848
64.896
63.492
63.084
60.236
58.396
63.738
65.398
57.004
54.24
64.384
64.598
64.328
64.262
66.2
65.658
63.352
64.116
59.42
64.098
66.62
66.17
67.07
67.488
68.72
65.456
66.98
63.168
67.152
65.868
59.896
66.128
63.648
66.542
67.312
64.694
65.134
66.548
69.478
68.582
63.954
66.49
70.024
60.93
70.144
67.822
62.966
68.412
68.126
70.296
65.232
70.382
66.7
69.616
50.442
68.768
68.336
66.902
64.992
69.86
69.07
64.754
70.392
62.866
68.856
58.95
66.478
68.998
69.466
69.296
66.052
63.25
70.684
68.62
69.962
70.176
65.792
70.884
67.678
68.722
67.016
66.728
69.056
65.57
58.728
65.298
71.848
69.338
70.294
68.974
66.928
61.936
68.702
69.964
67.54
68.248
71.308
62.558
69.074
69.222
69.458
71.27
68.18
64.1
71.508
67.57
66.494
68.86
72.562
64.79
70.376
71.306
70.368
72.592
64.886
68.016
65.392
69.748
71.082
70.006
70.972
69.08
68.32
70.566
57.95
70.904
65.288
73.078
71.682
71.102
71.238
59.594
70.286
70.108
69.478
68.342
70.818
71.32
71.398
67.952
57.502
70.752
67.086
70.41
70.104
71.45
68.652
70.324
66.116
70.52
72.366
67.948
64.094
67.124
67.964
70.786
71.516
59.394
71.752
69.322
69.784
71.13
73.338
70.858
72.936
65.256
64.232
69.05
66.48
68.744
73.462
68.108
69.802
72.884
67.488
72.582
71.904
72.842
70.064
71.584
73.854
70.94
72.836
73.292
70.786
71.444
70.816
71.418
72.234
72.434
72.664
56.082
68.174
70.526
73.168
69.64
71.86
70.488
66.664
72.602
71.356
73.414
51.458
70.714
72.232
70.366
72.156
68.474
65.536
72.228
70.084
67.09
68.386
71.684
71.174
71.332
71.342
70.798
71.108
67.752
73.046
72.3
50.578
66.71
68.976
74.026
71.324
73.474
69.854
71.332
70.67
73.198
69.862
71.02
72.744
70.778
72.8
71.964
71.134
74.076
69.722
73.036
64.762
67.552
70.464
71.218
67.92
68.036
67.742
72.674
69.466
71.934
70.784
67.57
71.476
69.858
70.948
72.486
71.086
71.216
72.416
60.486
59.832
70.838
69.052
69.588
65.858
73.082
70.97
70.99
65.676
72.542
69.034
70.726
71.264
68.638
55.07
71.746
71.894
65.714
70.898
70.992
73.318
73.216
72.622
68.496
68.43
72.32
71.478
67.952
68.628
70.342
71.884
71.166
70.784
71.058
73.6
70.502
69.346
69.456
70.298
70.338
72.608
72.258
67.674
70.45
71.976
70.31
71.738
74.018
72.586
68.194
74.476
69.664
70.996
71.972
71.446
70.116
71.724
70.936
70.448
66.68
74.24
68.396
71.686
69.178
72.038
71.562
68.684
73.666
73.1
68.84
71.854
72.55
69.722
68.218
55.132
73.706
71.646
69.71
71.442
71.418
75.218
70.846
72.876
73.52
72.694
72.692
69.248
61.518
71.196
73.56
71.652
68.938
74.894
73.294
70.92
65.956
64.1
72.76
74.19
71.694
72.144
69.178
70.668
70.006
74.71
71.166
73.914
72.726
72.838
70.626
60.308
73.574
70.756
66.98
59.878
67.552
69.946
70.106
72.094
74.298
69.854
73.828
61.416
73.87
73.3
71.762
74.918
69.55
75.572
69.234
72.26
72.442
72.586
71.138
69.456
74.22
74.894
70.91
73.068
71.456
67.864
76.106
71.352
74.84
73.868
73.0
74.274
71.258
73.47
72.192
66.322
72.478
74.624
72.83
74.018
74.886
70.714
72.436
71.562
75.022
72.372
74.192
68.678
66.964
66.766
72.778
73.514
69.41
73.342
71.692
73.954
72.024
74.522
74.08
69.82
73.906
59.91
75.16
68.848
71.054
71.962
72.464
73.598
72.932
73.354
67.536
72.164
71.116
56.002
73.354
73.458
72.9
72.838
71.762
75.58
71.978
72.722
72.54
73.302
74.596
72.018
67.562
75.638
71.55
73.15
75.526
72.41
74.274
74.112
69.558
72.534
74.316
75.408
71.454
74.072
75.57
66.542
73.24
75.182
69.408
66.88
65.246
69.488
75.33
69.908
74.972
74.236
75.32
74.862
76.2
71.37
74.426
74.656
74.0
74.726
72.288
71.71
73.432
68.356
75.178
72.704
72.882
76.314
73.376
71.7
66.622
73.7
75.19
72.356
72.8
71.02
73.09
73.602
66.982
67.5
73.824
73.914
73.82
58.65
72.7
66.818
67.898
71.212
70.728
70.006
70.914
72.762
73.874
70.294
74.602
73.486
70.548
73.196
72.252
74.18
66.166
71.928
67.648
73.976
72.386
74.45
75.026
69.378
73.06
76.438
74.93
68.45
74.21
72.062
71.07
71.912
74.97
71.382
74.754
74.224
73.444
71.534
70.756
76.526
68.964
75.438
74.442
71.222
72.852
74.918
75.376
75.746
61.25
72.6
70.78
