24.0
32.88
41.064
44.918
44.49
49.948
50.79
49.244
53.384
54.386
54.77
55.56
56.186
56.176
58.782
58.486
59.566
60.274
61.57
61.46
62.042
61.988
63.526
63.878
64.828
64.75
63.81
64.806
66.724
65.568
66.802
66.912
67.082
68.062
66.346
67.536
68.044
68.526
68.936
70.036
69.138
69.838
69.816
70.62
69.638
70.834
70.576
70.854
71.952
71.268
72.404
72.114
72.11
72.58
72.938
72.098
73.356
73.444
72.002
73.624
73.516
73.392
74.514
74.822
74.954
74.978
74.072
74.788
75.248
75.476
75.252
76.242
75.668
75.26
76.31
77.152
76.824
74.722
75.21
76.846
76.67
76.498
77.368
78.28
77.918
77.674
77.458
78.714
78.206
78.734
77.854
78.504
79.47
79.802
79.234
79.42
80.128
79.916
79.85
79.6
80.138
80.264
80.426
80.144
80.36
80.892
81.526
80.174
80.198
81.872
81.976
80.392
81.49
82.576
82.13
82.27
81.692
82.208
82.822
81.826
83.22
83.082
82.884
82.326
83.524
84.21
83.902
82.412
84.43
84.334
84.34
81.992
83.002
83.986
85.538
83.81
82.812
85.176
85.284
86.102
85.038
84.772
85.31
86.418
86.626
86.272
85.3
85.408
86.782
87.146
86.688
85.412
87.456
87.2
87.26
88.188
87.664
88.028
87.184
88.31
87.774
88.068
88.818
88.57
87.916
88.814
88.216
88.336
90.116
89.306
89.358
90.152
88.288
88.594
89.114
88.824
90.342
87.462
90.084
90.352
90.718
89.558
90.97
91.242
89.57
90.744
89.734
90.588
90.67
90.542
91.684
90.95
89.284
91.738
91.414
91.122
92.96
93.346
92.768
90.632
93.036
92.868
92.47
92.202
93.7
92.542
93.346
92.472
93.174
91.928
92.798
93.188
94.154
93.338
93.998
94.984
94.504
94.538
94.856
94.61
95.022
94.134
94.232
95.616
95.764
95.62
95.616
93.86
95.296
96.332
94.26
96.264
95.862
95.814
96.344
95.48
94.318
96.896
96.476
92.73
96.908
97.184
96.752
96.936
91.716
95.324
95.818
97.422
97.604
97.668
97.804
97.27
97.956
97.586
97.722
98.194
97.736
98.162
97.35
97.69
96.516
98.036
98.576
98.672
98.03
98.072
98.278
98.122
98.442
98.584
98.702
97.766
95.612
98.722
98.854
97.354
98.816
97.538
99.372
99.208
99.318
98.384
98.366
99.298
97.84
99.462
98.628
99.52
99.076
99.208
99.18
99.636
99.646
99.462
99.724
99.42
98.026
99.758
99.69
99.454
