1.8619622840881347
1.1978753783702851
0.8937992263734341
0.6757924171984195
0.49262884575128557
0.34093763792142273
0.23490663797035813
0.1682156489994377
0.12368092591594905
0.08970645688625518
0.08037425306637305
0.06780326440784848
0.05829619579998689
0.050679402332192695
0.042065992738127535
0.03842663341222942
0.03499111081349111
0.036286104688973864
0.03821392545625713
0.03394393071029299
0.027358883884986425
0.03263627805669466
0.021886548093586044
0.021855405087349823
0.022652194563154808
0.02065143155672001
0.01564370455060805
0.020534105085389002
0.020735209045422982
0.02368279932010978
0.02579342370281384
0.027221517911298634
0.02086215204718792
0.015383256312510184
0.01420573475576198
0.017636048259344193
0.018019114222405846
0.017879122241357466
0.01808385305289835
0.014310732864362364
0.01802623733194568
0.015590008583455155
0.012962116062942428
0.018756697938229688
0.016258356254048527
0.01539289743590369
0.019696095073117818
0.024344858938571207
0.01422305442577111
0.015011828179843771
0.01337273491149591
0.012029396699587188
0.01771423355592279
0.015233718848123494
0.010217757079054863
0.01293151209706464
0.013404176716406738
0.012583314588712223
0.013405911402735584
0.010667128062439097
0.016489972477155158
0.01980374653174706
0.010577062728920027
0.014168301896249923
0.008217896963177847
0.06588669058403322
0.01286133002043187
0.012354235228054681
0.13291266627035905
0.011908268043816549
0.012491702779632085
0.32035655374641797
0.010510756434323717
0.015032708404228153
0.011799209045982122
0.009682035567659406
0.015890343873313457
0.007839797986202412
0.010993532290226378
0.029189730257607294
0.008131507650460655
0.014521808887169496
0.016418732219250682
0.01044606037362677
0.008212020356499814
0.010406824139309195
0.019712516284153526
0.010290058535690701
0.0416192989218626
0.008144169830388908
0.010840867120620065
0.010137839859903087
0.010569755179912078
0.007800738908473582
0.011549917296775411
0.00997103918634923
0.007419567884143661
0.011271294930075714
0.013527716912657382
0.012111629470701149
