44.554
52.392
54.256
57.54
62.106
58.562
62.72
64.514
66.026
70.374
69.334
71.62
72.094
73.138
71.136
73.696
74.882
74.056
72.04
71.94
76.582
75.742
74.38
73.528
63.19
76.972
77.698
77.922
74.67
76.374
79.238
77.336
77.916
78.726
79.452
75.29
76.222
80.844
75.656
73.604
80.052
74.37
79.57
81.628
80.122
80.556
76.51
81.152
77.374
79.832
78.39
81.334
78.658
78.386
70.328
81.888
76.296
82.052
80.554
81.57
74.154
84.562
82.13
81.306
80.046
83.68
80.728
79.88
79.252
79.592
82.414
82.232
81.962
83.642
81.128
80.25
83.67
82.336
83.822
80.984
81.252
85.022
82.964
80.18
83.832
80.506
81.374
83.018
83.676
80.554
82.556
80.608
84.514
85.244
83.804
83.922
83.534
86.378
83.358
85.33
84.236
83.832
87.192
82.59
86.448
84.804
76.194
86.14
86.48
85.096
86.09
82.61
78.65
82.148
84.738
82.094
84.802
81.22
84.178
80.888
85.334
85.33
87.846
85.6
84.588
84.222
83.476
86.28
85.332
85.558
85.814
83.428
82.128
85.172
79.028
86.326
76.87
84.102
87.79
78.886
82.864
81.816
85.078
84.174
87.57
86.824
76.716
86.938
86.696
85.618
88.522
82.81
85.174
85.864
87.238
80.354
86.198
88.28
84.366
86.97
88.014
87.19
88.05
86.624
87.724
87.828
85.41
88.03
88.238
88.662
86.878
88.344
82.588
87.576
84.196
86.832
89.296
84.712
86.682
88.836
86.698
88.636
87.962
87.602
86.818
87.992
81.634
86.418
86.632
88.354
82.612
88.376
87.182
89.616
88.848
87.52
88.832
90.606
88.842
86.614
89.516
86.212
89.494
87.504
88.388
90.566
88.078
90.616
90.418
88.98
91.61
83.558
90.846
88.286
89.582
90.058
89.172
87.76
89.868
90.548
87.672
90.238
89.322
88.864
89.36
90.726
89.98
88.618
91.504
92.75
86.558
88.99
90.8
91.354
91.262
90.01
91.362
90.192
89.5
91.052
91.266
87.06
92.26
92.518
89.8
88.742
90.306
91.426
90.63
90.486
88.364
91.298
92.376
89.608
91.488
91.704
89.898
90.356
90.718
90.994
92.246
91.844
93.19
91.758
92.33
92.682
92.046
92.04
91.582
91.98
91.922
92.31
92.058
93.838
92.626
93.014
88.074
93.732
93.792
92.046
93.164
92.906
87.708
93.466
92.758
90.726
93.344
91.762
90.996
90.782
90.38
88.71
91.932
90.94
93.44
92.442
89.838
90.816
94.382
94.132
