38.316
40.008
44.738
49.936
51.568
49.932
53.766
45.556
53.826
44.39
49.058
41.742
53.564
43.53
41.456
53.73
57.54
47.086
56.262
56.128
55.092
54.988
57.776
54.29
55.78
56.36
51.012
52.922
55.054
52.574
44.784
54.282
50.19
40.176
56.86
56.444
58.614
48.37
51.7
51.342
51.038
54.958
53.782
56.48
60.51
59.538
60.004
50.692
57.968
54.984
58.062
52.214
56.228
56.806
52.232
55.486
56.244
53.712
52.714
57.118
60.588
61.874
58.33
57.446
57.61
56.254
45.672
52.048
54.54
56.538
55.358
57.522
59.814
52.75
53.418
58.874
60.202
56.144
58.852
54.722
47.048
59.122
53.0
52.084
55.364
57.89
57.562
59.588
57.59
54.17
58.76
59.028
56.404
57.59
46.618
57.29
49.028
50.832
53.624
58.66
56.832
60.414
47.284
53.512
47.362
51.306
60.756
49.786
60.828
59.862
58.89
52.98
59.318
61.494
60.702
57.476
58.348
55.46
57.62
56.002
55.416
55.738
50.1
57.994
57.466
58.508
61.116
55.172
57.542
61.05
53.786
62.312
58.57
58.48
59.254
55.432
55.912
56.338
61.008
54.518
56.532
44.494
55.618
60.77
57.876
59.468
55.782
60.744
62.05
62.834
59.458
58.138
61.98
60.77
58.572
56.99
58.864
61.894
50.948
59.634
56.096
54.752
59.15
58.848
57.126
58.154
62.03
53.86
59.928
58.582
49.032
55.82
61.524
62.024
61.58
61.7
54.352
61.252
58.166
57.978
62.372
61.544
59.358
54.034
59.38
62.256
60.998
63.348
59.266
58.386
49.21
64.46
57.89
63.882
62.72
61.35
60.116
63.446
64.216
61.896
64.38
58.528
64.276
57.678
63.122
57.43
60.924
62.626
52.02
60.038
62.654
58.982
63.652
60.822
59.574
64.37
59.73
63.544
61.604
53.536
61.384
65.248
63.86
64.872
61.77
59.434
65.66
64.026
65.27
63.744
65.152
63.646
63.156
61.35
62.734
61.966
65.864
61.69
60.594
63.032
62.09
29.29
64.494
66.436
64.292
66.216
62.918
60.948
62.49
65.48
63.842
62.266
59.586
56.242
62.242
60.252
57.992
59.18
62.264
63.048
61.538
64.31
61.07
63.17
63.538
58.87
58.222
60.466
64.746
63.654
65.844
64.442
64.142
65.3
63.374
59.77
66.92
66.732
59.586
58.778
57.39
56.042
64.294
62.724
66.1
65.574
65.75
66.448
66.452
62.614
59.806
64.572
58.948
65.706
60.78
63.386
65.96
62.852
65.356
62.164
