27.144
38.078
45.752
48.442
50.784
52.83
53.494
54.608
57.274
57.464
59.728
59.812
60.188
60.842
59.512
62.432
63.184
64.068
64.748
64.21
64.898
65.894
65.53
65.996
65.784
65.528
66.298
68.094
67.736
68.002
68.05
67.84
68.584
69.446
69.54
69.174
68.91
69.9
69.974
70.588
70.232
70.728
70.98
70.328
70.982
72.44
71.44
71.654
72.322
73.148
72.414
73.456
73.19
73.338
73.96
73.456
74.162
74.0
74.566
74.038
74.85
74.714
75.07
75.04
75.438
75.15
75.788
75.562
76.356
76.456
76.322
76.878
77.052
76.756
76.938
76.546
76.972
77.414
77.192
77.926
78.174
77.722
77.402
78.272
78.292
78.626
77.878
78.084
79.282
78.724
79.3
79.36
78.53
78.808
79.812
79.498
79.694
80.762
80.144
80.55
