2.1508721034526825
1.7117929301261903
1.5971832954287528
1.519503715991974
1.4777121284902095
1.456042450249195
1.389757486075163
1.382326325803995
1.3899190683662892
1.4077064156532288
1.3804156053066254
1.3927829750478267
1.2472726852297782
1.247102577343583
1.5515834961235524
1.2941937256753444
1.3898162612617015
1.3249109249562026
1.227355662241578
1.1972697853446006
1.790666740566492
1.281190340384841
1.268918536618352
1.2582854940742254
1.166566495537758
1.2025615455955267
1.1869766295552253
1.2262154167741537
1.2113173920437694
1.254149186104536
1.1272459497451783
1.2758783797174693
1.1319189557880163
2.7081903800219296
1.149925624988973
1.145790496096015
1.0837888989001512
1.1134072000086308
1.106959643766284
1.1203064717948437
1.1777019219249487
1.1615378613993526
1.0914113861275836
1.1014251648783684
1.1035395790040492
1.337563997514546
1.1612850593626498
1.1691427370458842
1.0463961498886347
1.1069794026389719
1.821501920171082
1.0893556270748377
1.10293300794065
1.0988071336485445
7.410541511490941
1.0515434143692255
1.0372991214245557
1.1419517037719489
1.117202553510666
1.1019954622238874
1.0470148479864
1.0427598007246852
1.2135360867083074
1.0670954235345125
1.0444382145255804
1.0915056916326284
1.0157168971523642
1.3514050553143024
1.1271714724823831
1.0536940586566925
1.1489564988687635
1.2144654904305936
1.0601341068148613
1.0539797421321273
1.0595413261651994
1.0662102920673788
1.0514948622435332
1.034102012272924
1.9326537231467664
1.0275791817083955
1.0102808755375445
1.1974183085262775
1.0212721348181366
5.098063098819926
1.047320881009102
1.0005336026512086
1.0787444830108435
2.4741990909427405
1.0813848707545548
1.0314705877490342
0.9967792682945729
1.0408514906987547
1.098640304736793
1.0017070036455988
11.522182060927152
1.0960650292038918
1.2626681338250636
1.011711166806519
1.2010192958116532
2.430983539752662
1.097063100606203
1.8095261105000973
1.0673712469115852
0.9851495251506567
1.0053929731324316
1.4507778646480292
1.8258885495737196
1.0749226137772203
1.0487656186968088
1.1576656014695763
1.112575631134212
1.0610955743938684
1.5188874367251992
3.7957468002103267
1.0222152435481549
1.1467968706637621
1.0732259439453482
1.0524262382239102
0.984875261567533
1.0612051477730273
1.088763967938721
1.469110692679882
1.147274342879653
1.1114623899534344
484.69896541752667
7.841510781109333
1.0167530236020683
1.1457330940701067
1.5202098652236165
1.376412095800042
1.0206293376069515
4.7094988022446636
1.1017383686061948
1.1138689060304314
1.079653975509107
1.0629677965342998
1.0519997361525892
0.9951528992131352
0.9992636029087008
0.9707451598495245
1.0049910377264022
1.782417554154992
0.9894027725309134
1.0828721740990876
1.4036726822368801
0.9345630254261196
2.9840486341416836
1.1768940729424358
1.0531513550691307
1.071233609251678
0.9766817486435175
4.574219504065812
1.2806669878065586
1.016778544023633
1.4590005627404898
1.1235588022246956
0.9327142490372061
1.0312015172690152
1.0214671259336174
1.0864580789171159
1.013280084222555
1.0904447777867317
1.0441349140182137
1.122693633519113
33.95138697037101
1.0840333477258681
0.9812457528784871
1.2102888167668133
0.9488702083546668
0.9969229797124862
1.1746830665376038
1.2870823076926172
1.0426623814031482
1.4407443763837218
1.0010520631670952
1.217157481830567
1.0185540364086627
1.9823069660514594
1.0195815364681184
1.075143250644207
1.7525445120111107
3.8636439267098903
1.005917411275208
1.0334423663616181
1.0168577912598848
1.2114336763415485
1.096622917873785
1.2317909883186222
2.396023176662624
1.0099403721243143
1.563934854965657
1.0022484225332737
0.9770660913120955
1.4628512867838144
1.5315570706315338
1.0941376897245645
1.0590700341686607
0.9425781571865082
2.145112198866904
1.0200131047964096
1.2598249852620065
1.0777913047634065
0.9573012641500681
0.9950674203010276
0.9473282905034721
1.0855162762142718
1.2126108334176242
1.192627326026559
1.1181428589448332
0.973895429842174
0.8964392194710672
0.9169769473262132
1.5935082872044295
1.4462139469608664
1.189741232059896
1.4339411481767892
1.0966365720964968
0.9155123223476112
0.9380191366747022
1.1527319414168595
1.155065705884248
0.9170123714394868
0.9824576563835145
1.2246265531610698
2.994298753388226
0.9581512089036405
1.1468135095983745
2.0533556465618314
8.096269134633243
1.2306791980415583
0.904567863849923
5.840140382770449
0.9846027846448123
1.0260657671019435
1.3067177182286978
1.0522750995755195
1.0538449453249341
1.2247762903925032
1.0064006688818337
1.1942806457113475
1.20778840431571
3.1353657572194935
1.022260223980993
5.113464724900201
6.6508005940951405
2.3959799753464757
0.9262096019759775
1.211028787393123
1.598207562725991
0.928729155510664
1.0923784657418727
2.0948958557825534
0.9389167547188699
1.3346330299302935
1.4169403497055173
1.1931066572889686
1.7412974084354937
2.016905138723552
4.245006419458426
21.29594477941841
0.9725282412320375
1.0081984039582312
1.2408293074816465
1.1349003436788916
1.0366364578790963
0.9603813900500536
2.391751762367785
1.5242426070719957
1.0732960278652608
15.416380223483547
1.3066367553547025
2.533454584091902
2.457992578157224
2.912536224760115
50.1900120429825
6.058730590894818
1.0967028558328749
1.0378027844391764
1.058889058329165
0.9120413240715861
1.3253712831959128
1.3693726756237448
1.3489341474659742
4.559976272972301
1.9316614673100412
0.9788994135092944
1.0457683979868888
1.2598411045633255
0.9365359334647656
1.1864968512356282
1.0095595706030727
1.5317668797951192
2.2382836877331136
1.2413137884959577
1.964690416738391
0.9360018134936691
1.4605517928823828
0.9808118217084557
1.143877249274403
2.8990914142355324
1.1094365713559091
0.955374237280339
1.044287347406149
1.2010270828679204
3.231784686293919
0.948500408064574
0.9131134581677616
1.048266864284873
24.105025402210654
0.9520054579386488
1.385091141242534
1.1132692445255816
0.9270092778280378
1.6353036264074035
1.0030263804383577
2.2004735110290348
2.4271298386231064
1.3171664398610592
0.8874949159473181
4.85444078720361
0.9849857859797776
4.65763988313917
1.3556845203489065
11.199725396424531
1.0955763018839062
0.9286209254078567
0.9961974665010348
0.9501589647457004
1.2228922555502504
1.5266309450045228
5.096646689515561
6.714566615039483
1.0038153465688229
0.9731355677582324
1.1298960076980293
0.948906258828938
0.9799956102743745
0.9369185966551303
1.6283443843200802
3.3969230976104736
1.3578444300368429
0.9620958249047399
0.9220026900749654
0.9258227599114179
1.851548038687557
2.0416920532621443
1.337653161637485
0.9563006886094808
3.4097428301349284
0.8867916683480144
1.9887587391445414
1.1275333276279271
1.7156184529848397
4.281884473903105
1.8642846409976483
1.036395827553235
1.4019613545127212
1.025959758559242
4.474447657525539
5.618115372462198
1.3169459080267698
2.3002473744899032
1.1456702094841749
1.4927521615792065
2.840741095641628
0.9619252079091967
0.9331163165941835
0.9173675338737667
1.2225893679820001
5.027687077168375
0.9142026057709008
1.2819825442638249
6.748633952170611
1.4939672364862635
1.70208334534429
1.6597551876790821
0.916911600958556
23.61382910168916
1.167287794008851
0.9748636408559977
0.8714604098126292
0.9783718384094536
0.9969183959066867
1.1904201504392549
1.1610169944874942
0.9904123105891048
0.921809952173382
1.6643296811105683
2.0198776350282133
0.928625327963382
2.7709889687784015
2.5246777650541627
1.1686241756677627
4.862158581591212
0.960083841917105
1.0109496722072362
1.0843203789070248
19.607390063452534
1.1410208524737973
1.129882256053388
1.0882695532627404
0.9733047328181564
1.052368874169886
1.0471339927734806
1.2615743705541826
1.3606962645538152
7.4494910600148145
3.4347880760654808
1.9508081222362816
1.2202947673359885
1.015352519409731
1.9850769836083055
1.2037422913182527
1.0996840766444802
4.079890771605075
1.108641703447327
0.9965450441818684
1.12110558496695
5.553712383606936
1.370306799987331
4.18498652866995
0.9350883889095858
3.001683321014978
13.200207890737802
60.65227186664566
0.9485086147338152
1.0524923173245042
1.1445948180425911
1.043261656852439
1.1260763225518167
2.0184800630267707
1.1466947798617184
1.1517421959582717
1.0473723895922302
2.713551524039358
1.6298765565939248
1.3721184789016843
0.933336054447107
1.1678791114129126
2.4495035953558983
1.3602154844850303
1.0974153262786568
3.1130141781996934
1.5580545905865728
1.3966089608594776
0.9449232475254685
0.9724790260121227
2.2826973949242384
1.3093406380861998
1.1462436231831088
1.3145783139951528
1.4412733775116504
4.386189957266674
1.402405873078853
2.2305936252474785
0.9250777921155096
1.044179697625339
2.2714950198307635
1.3097534986976533
2.054979074817151
1.014628020843491
1.067075189686846
5.112249739609659
1.3077443875521422
1.8830503511009737
1.4757904112040996
1.036774318225682
1.3229646354727447
7.588844234159216
3.2595051815845073
2.2024178102463483
2.442092732653022
1.15062157914415
0.9219040323281661
0.9809841606616974
2.0369577102027834
0.9759815248772502
0.9846362076997757
0.9151181531436742
0.9862348335720599
1.1549475390631705
0.9315910650491714
1.59784315206483
2.1462725408524275
1.024521345116198
3.091819077973254
0.9879359586108476
2.088219321115874
13.152711693752558
1.025129511426203
0.9410215102615767
14.017680580619723
1.0284017832744867
1.189805787473917
1.1121977942027153
1.026808855075389
2.7446745872497558
3.892804048936814
1.2662429401967674
0.9313695338424295
12.535839629423805
1.1907639058865607
1.1090222565568983
0.9965908348970115
1.5927037783730775
1.382760510277003
1.3407959888898768
1.7986835566642694
2.67903072713688
2.579846128406003
1.052539300262928
1.4681489226222038
1.3602348283603787
1.0595448436643928
1.2139188078474255
2.3241617810036987
1.12093951067701
0.9597626404948533
1.5879224851429463
3.9046370025239883
0.9178516629869118
1.1703663678411393
2.3773364253895126
3.4750423011109235
0.993657723450102
1.0433872937168926
1.6776239623753353
0.9729239637292921
2.0804642152967863
1.4244984669946135
2.4659440221823754
0.9694100656351075
0.9772858249880374
6.99153801803384
1.1009284752290696
0.9755646425783634
1.2012538936398924
2.196628236051649
1.4619409189969301
1.6217723113074898
1.0575477071227506
0.989862520609051
1.71766803932935
1.4356147202113643
0.9580399145558477
1.4928246943429113
30.36633051893022
0.8774133979594335
1.047108229272999
1.435106560599059
2.0890240749437363
1.053143850237131
1.0848216792279854
1.1385560025908052
0.8952517284043133
1.5339586855988019
0.8835891457740217
0.8907398409694434
1.2021333924606443
0.9754393579661846
3.10709999454394
1.1202263996247201
9.160831464074551
1.024212467405945
1.0370566301471553
0.9597141923033632
5.718844771936536
0.9755027749016881
0.901325262375176
1.0387433333322407
0.9905767676364631
1.7798494053725153
1.1103971580121432
53.59556577759329
0.8891549095362424
2.5532829238772394
1.5488194139935076
0.9193937267344445
8.467588252184447
1.0024415664095432
1.2692834679111837
1.2984436648637057
2.1489298635050655
1.9377073905132711
1.881734337490052
4.445514171160758
1.1255958600137383
0.9536440183967352
1.1872160121481865
0.8753141081538052
1.0618539903359487
5.621335988711566
1.1604597988752647
0.9932277163974941
6.048001803385094
1.4216447769748046
0.8588915054872632
1.4572744940407574
1.0201754372231662
0.910195649502799
