48.326
58.588
55.46
62.874
65.978
69.454
59.624
67.742
60.774
65.948
64.97
64.784
67.78
68.794
60.01
69.992
65.33
68.454
64.12
63.314
61.82
67.434
66.26
66.708
68.028
61.794
65.014
54.794
65.996
63.254
56.376
68.864
68.648
49.532
63.996
70.948
71.26
70.39
69.888
61.504
68.332
67.538
66.242
70.284
69.1
69.588
64.618
66.696
64.832
63.312
71.898
69.56
64.598
69.08
51.754
68.752
66.536
62.228
66.904
66.802
68.914
72.91
71.914
73.45
67.556
67.592
66.966
72.814
71.542
64.59
69.164
64.066
70.254
72.332
72.774
72.034
67.894
73.134
70.108
72.444
70.322
71.422
70.844
70.922
69.494
70.636
70.44
69.426
69.316
63.818
70.398
67.844
73.89
70.126
68.928
73.28
72.034
67.408
62.14
73.398
