33.728
41.93
45.098
49.94
52.246
51.562
56.302
54.918
58.6
60.284
58.758
60.1
65.686
65.866
66.684
66.424
66.148
66.688
71.428
71.828
71.924
69.236
71.562
71.728
73.75
73.842
75.628
76.172
76.456
71.268
77.996
77.0
78.366
79.18
78.522
78.912
79.04
79.336
79.848
80.296
80.642
81.994
82.418
82.616
81.46
82.728
84.358
83.494
83.436
83.56
84.818
86.048
83.07
84.628
86.99
86.308
86.088
85.926
87.408
85.628
85.784
88.228
87.726
85.762
87.856
88.062
88.918
89.612
88.868
90.492
89.366
90.274
90.21
89.398
90.194
90.026
89.922
89.418
88.252
91.338
90.786
91.28
90.566
90.906
90.392
91.406
90.264
89.778
92.458
91.602
93.288
90.914
92.764
92.258
93.274
93.126
93.3
93.576
93.358
93.324
92.778
93.906
92.95
93.928
94.21
94.898
94.896
92.828
94.52
94.616
94.348
94.154
95.352
95.102
95.262
94.576
93.826
93.774
92.724
95.762
94.94
93.974
94.564
95.44
94.95
92.734
94.58
93.01
90.098
95.518
95.566
95.248
96.4
96.258
95.272
95.568
96.002
95.378
95.426
95.902
95.396
95.918
95.782
94.284
96.086
95.646
96.482
96.112
96.792
96.394
95.888
95.756
95.8
95.914
96.82
96.748
96.734
96.602
95.956
97.452
96.86
95.884
96.894
97.126
96.992
96.63
97.098
96.726
97.142
96.452
96.18
97.322
96.53
96.784
95.918
98.01
96.382
97.724
97.134
97.382
96.928
97.49
97.158
96.186
97.546
97.12
96.974
97.438
96.202
97.714
96.334
97.698
96.752
96.56
97.66
97.868
97.198
96.756
97.042
97.546
97.148
97.882
97.042
92.764
95.878
97.208
97.248
97.562
96.926
97.47
96.424
97.564
97.762
97.426
97.406
97.578
96.1
92.512
96.822
96.666
97.558
96.798
97.264
97.52
97.7
96.416
97.366
95.822
98.054
96.686
97.634
98.336
97.414
96.554
97.062
97.048
97.612
97.776
96.646
98.304
97.074
97.412
97.3
97.92
96.83
97.434
97.452
97.688
97.73
97.426
97.458
97.536
97.63
97.612
97.428
97.726
98.332
94.428
97.26
97.976
95.874
97.744
97.508
97.366
98.328
97.48
97.892
98.17
97.164
98.062
97.792
98.396
98.21
98.24
98.486
96.458
97.888
98.158
98.164
98.44
97.346
97.87
98.618
96.956
97.218
98.272
97.416
97.918
97.62
97.77
97.234
98.494
98.486
97.146
98.544
97.726
98.144
97.4
97.988
97.888
97.962
97.778
98.292
97.424
98.454
97.968
97.804
98.214
98.178
97.832
98.13
98.604
98.408
98.008
97.51
98.58
98.272
97.284
98.306
98.414
98.314
98.486
98.046
96.482
98.156
98.006
98.224
98.336
98.366
94.874
98.302
97.52
98.282
97.892
97.956
98.192
97.586
98.666
98.54
97.606
97.222
97.972
97.246
97.336
98.376
98.272
96.688
98.028
97.618
98.284
98.702
98.584
98.306
97.604
98.224
97.62
97.772
98.656
98.46
96.73
98.006
98.626
97.366
98.488
98.03
97.042
97.376
98.7
98.462
97.942
97.888
98.29
99.002
98.004
98.138
98.732
97.048
98.57
98.774
98.368
98.594
98.57
98.482
98.624
98.496
98.632
98.476
97.83
98.834
98.462
97.706
98.114
94.376
98.098
98.498
98.948
97.976
98.798
97.992
98.438
98.91
98.52
96.708
97.59
98.038
97.902
97.888
98.726
98.65
97.958
98.282
98.206
98.726
98.414
97.754
98.442
98.132
97.668
98.316
95.464
96.852
98.464
98.076
97.948
98.436
98.038
98.324
97.376
97.95
98.584
97.512
98.572
98.858
98.456
97.464
98.308
98.242
97.736
98.344
98.898
98.728
98.548
98.12
98.402
98.684
98.798
99.022
98.854
98.516
98.552
96.57
98.494
97.772
97.582
98.65
97.97
98.078
97.382
97.826
97.532
98.4
96.768
98.686
99.11
98.094
98.216
98.748
98.362
98.4
97.426
98.788
97.862
98.136
98.596
97.602
98.77
98.06
98.816
98.852
99.18
98.978
98.204
97.412
98.822
98.344
97.896
98.91
98.976
99.226
98.79
97.784
98.152
98.754
97.66
97.752
98.612
99.032
98.346
98.352
98.742
97.928
98.584
98.722
98.704
97.954
97.894
97.338
98.758
96.544
98.876
98.938
98.546
98.434
97.732
99.002
99.018
96.974
99.01
98.88
98.25
98.778
98.832
98.724
98.952
97.672
98.714
99.11
99.006
98.336
98.082
98.562
98.018
98.06
98.564
98.458
98.806
98.046
98.946
99.236
98.922
98.534
98.634
98.048
98.37
99.044
96.462
98.446
98.198
98.432
98.81
97.864
98.57
98.992
98.522
98.908
98.852
98.556
97.232
98.312
98.596
98.63
99.29
98.798
98.1
98.832
98.682
98.86
99.084
97.88
98.866
98.898
98.732
98.916
99.164
98.978
96.972
97.678
98.366
98.466
97.998
98.988
98.366
98.902
98.77
98.908
98.344
96.066
97.902
98.746
98.99
98.416
97.45
98.764
98.3
97.422
98.456
98.69
98.192
98.074
98.1
