2.0941324948072433
1.5491408926844596
1.3672740958929062
1.2132215741872787
1.15482584887743
1.134581416606903
0.909022762849927
0.906510065317154
0.8877739424854517
0.7173902068138123
0.7305300168171525
0.8025087925866247
0.5624433480985462
0.5872478226236999
0.5949855167418718
0.43969116066582503
0.45322442588955164
0.4778927487619221
0.33539104119874535
0.3507616475885734
0.37120770785957574
0.2394124415749684
0.2651997665464878
0.2846987745494116
0.18249504431069363
0.2448549188154284
0.20904637248837388
0.14014198577037315
0.1630790792623302
0.16252523581392597
0.11910507549071918
0.12157217898149975
0.14195438666600968
0.09969293971178195
0.10348990658305411
0.12148121322687438
0.08572251780003717
0.13906285612552893
0.11060947412042514
0.06488500279784569
0.08666955083746157
0.08985678353664843
0.05931331219469256
0.08269439261684874
0.07405950803819086
0.05695902572992261
0.06949489155357377
0.07283869491250744
0.05478598564128492
0.06312717608432032
0.06441696715356739
0.05152210109744806
0.05406187265096378
0.06368416174103003
0.0431543291881444
0.059278753635611796
0.05329172271331367
0.042733170553295785
0.04963769024325944
0.05156829337449546
0.03516870232521968
0.048463430314814517
0.04774388640472458
0.03826408155461313
0.04284603570395006
0.05244408982635622
0.03276524862774725
0.05004176882797596
0.05730959874368704
0.03327655787350014
0.0483685534334316
0.05229603354262667
0.03777430169553224
0.03833833190830005
0.042416152239924204
0.033630682113943204
0.04082617902826916
0.03436538966437336
0.029165972267894403
0.03634550581850572
0.03167029100655164
0.034162514956517044
0.02993987190339576
0.055926091561122646
0.02447702525239038
0.035142210791063715
0.0305663653929243
0.027943884090834252
0.04224051084393196
0.03005721556094636
0.02559151575297402
0.0333420886309583
0.032826775769560265
0.027306338964595733
0.030076948797222242
0.031345245302742776
0.026292697071182224
0.035865466291296326
0.03366198491241731
0.0345605326342826
0.03106618071275558
0.03420101263924054
0.02130097898757782
0.026766348066907156
0.02651799623349559
0.027045101996590402
0.03358011209885407
0.0932503882894703
0.02428528333360379
0.030887919219641815
0.02220264373104112
0.024552955016123083
0.03105592624493776
0.02794050186819297
0.028353343055557693
0.031885816196341024
0.030812663450338708
0.02740223092962343
0.022786328186515402
0.027312999750845328
0.020472622930396242
0.024188912823738414
0.02441476945606686
0.022229546590231034
0.028961477674227937
0.02905840154030925
0.024346109293177844
0.021660477109355585
0.023603198336977254
0.027150632106354978
0.02107157051845958
0.024234403641864157
0.02299832527244885
0.023259065591128572
0.02529214957296327
0.01371565446395307
0.024524129918674472
0.01710262018685807
0.02463533923005637
0.024717362603207647
0.024654777219623242
0.02402758684858134
0.02663530036483794
0.026773597078021207
0.019196256353478703
0.020543421020549964
0.02201461180367329
0.023608118104168685
0.023781158588958264
0.03719192919582677
0.0143182575611734
0.02192665284539074
0.022449369767907363
0.01738581880229241
0.034543698113772565
0.018198666500768026
0.018679693271334487
0.030159467485296278
0.03010816587805566
0.016782723363124356
0.018221566243847048
0.023110569074519853
0.014895250015093701
0.022527303407120627
0.02703837107883554
0.09963136678463626
0.018303951367689565
0.016118963519025184
0.013408974748682858
0.026025641134832137
0.02062190732192186
0.025777070083583323
0.01489930862563951
0.019677710894449262
0.014300351544558717
0.019648791970286395
0.02651020951554867
0.017790926707135158
0.020388975484482135
0.01725412894529718
0.015226731724924334
0.03101779789589542
0.020905348875744998
0.016888449725157552
0.017570304625819027
0.02986607120612134
0.017464090153654355
0.026961496536911746
0.04626786752846681
0.011889178743028752
0.030663479889243134
0.019668701704602127
0.021326968056444708
0.021297132457926266
0.020611869750627756
0.01740630633235954
0.024451406074288903
0.025077068835566305
0.017135439956819126
0.01844874269005419
0.019272887963492778
0.016213302694872624
0.01881822082409066
0.016662955120895082
0.012322681349669323
0.02243661593981772
0.01789428542851714
0.015950292294490288
0.021247421701111782
0.02623799445022967
0.015729329717387604
0.01882895433995379
0.030114728684407104
0.017780264869964497
0.01977766880002734
0.028038378460210598
0.017831965336133987
0.017568899272751827
0.02047061846554427
0.018543351180013695
0.02369832281423904
0.027012626374071515
0.019621598512819017
0.0159061052567855
0.01363441339535003
0.016923728551167198
0.022568328052427342
0.01986557966330501
0.02131705166682343
0.019244961830917968
0.019011487112357936
0.01858985779374096
0.019315697568441603
0.021702856832262012
0.02334584735115147
0.019567213799991396
0.01355508703468788
0.015462419199333622
0.018565226337545506
0.020053163030355838
0.018225710582432598
0.020873280380212623
0.022204148833113002
0.012627948662274695
0.020721537929924403
0.01681393556168156
0.014573940751851425
0.016127214574339674
0.020280697738373574
0.022044908317042117
0.009146625026678188
0.023627213071096137
0.015044363966502937
0.01941839351983572
0.030956900759048032
0.029368105279483938
0.027448494425904718
0.01966542596763105
0.011884172600996246
0.017329469768371613
0.019648610187338125
0.016501086343590862
0.029750642817356534
0.022332629473926252
0.012613469442219485
0.014193560429609087
0.016070576653468897
0.016126953800250924
0.01720096322941499
0.015416748499247693
0.010022798344038476
0.015464926974670029
0.021514966320289958
0.018977895132420913
0.024002019447409546
0.018966324648383614
0.007839737078737617
0.0171557230520885
0.012603196636897303
0.01582777001109852
0.011655250828991342
0.01616442766541429
0.010181093131302308
0.021893179844478375
0.01647491750682094
0.016794560100721383
0.011288047020452201
0.0218486448299804
0.020081943729882916
0.015516850689732251
0.015247560646661672
0.01630149827393574
0.007416532093600247
0.015066268770744035
0.018623599109682167
0.01842693348927303
0.018832482818860886
0.03451889796267091
0.012194438229574002
0.012426853659052994
