2.3300371193885803
1.2606304273605347
0.8275524894595147
0.566246359243989
0.3590601616539061
0.20985796443466098
0.1261591658196412
0.08682259420608171
0.0638686665242858
0.0529896639803992
0.04662860913867189
0.043606116024930086
0.04283191754042491
0.03365553683255246
0.032745413343744985
0.029798942396241954
0.02940120210340865
0.027838173259011455
0.019969822889573663
0.02513428018005595
0.02143290886343664
0.020779336894897683
0.04855968333247455
0.02162150726688881
0.030758707395709607
0.017257226409292628
0.015282303477617568
0.03565642220469023
0.025366604491623427
0.014712381051745589
0.01700229131908294
0.017320370110020966
0.02059076489829031
0.013421748728834773
0.014298177588390235
0.0549017052887747
0.0432472189822998
0.025273885767115145
0.03510307063141674
0.01584850762528531
0.01307752003247095
0.014362228339239376
0.01303705509782571
0.010471043029935217
0.013415262417481567
0.011545759646025076
0.02354690736824657
0.012435659423094932
0.005498274304535658
0.010525038563541237
0.009496911071859572
0.01765044677567465
0.1443501690032578
0.009461378664911847
0.1149117526552019
0.010021042881922309
0.011779248249852216
0.08945141827640042
0.011899294644275665
0.00782642271792454
0.010421086535085815
0.00900101810353474
0.023874656071836187
0.009616319876551264
0.03583213643810824
0.041935049936374494
1.3830172276595405
0.012627165323454523
0.6346534754407703
0.010656303187013935
0.012717946817364227
0.011265114376736985
0.01917558247719432
0.011619959019650213
0.012622560826474491
0.010469846218501402
0.009482339678391388
0.006088059336341053
1.062604643445218
0.010495667883607182
0.014612277850790674
0.009838160289894007
0.014787413427202462
0.014431268336031906
0.011388264706146943
0.011750123371481111
0.022125401185849852
0.009528545599439182
0.015677082112958936
0.02146858438863694
0.013483857602614304
0.008727904049422341
0.010574689644675811
0.00835538715878529
0.01741101939344273
0.004717919210293981
0.010863942722227097
0.011980847844857617
0.010314524187460705
0.0073111882913442
