40.656
60.438
76.822
84.794
91.592
93.848
97.324
96.87
98.11
98.892
99.508
99.09
99.324
99.274
99.408
99.33
99.402
99.546
99.582
99.716
99.468
99.612
99.164
99.654
99.794
99.684
99.804
99.81
99.194
99.766
99.834
99.108
99.696
99.69
99.796
99.13
99.796
99.778
99.708
99.22
98.568
99.7
99.71
99.83
99.776
99.848
99.95
99.834
99.896
99.902
99.814
99.916
99.354
99.918
99.59
99.788
99.872
99.51
99.922
99.906
99.684
99.93
99.888
99.812
99.862
99.9
99.92
99.752
99.56
99.756
99.852
99.62
99.794
99.294
99.902
99.9
99.928
99.888
99.63
99.808
99.868
99.646
99.83
99.882
99.914
99.886
99.938
99.952
99.888
99.444
99.936
99.89
99.426
99.716
99.686
99.782
99.826
99.85
99.376
99.942
