11.572
20.168
19.98
33.152
38.616
48.986
57.022
54.244
60.238
70.97
72.392
79.43
81.776
83.33
92.528
69.572
93.878
97.984
99.002
93.22
99.764
99.808
99.556
99.912
99.836
99.956
99.332
99.952
99.976
99.996
99.85
99.98
92.972
99.978
91.706
99.974
91.264
99.96
99.698
99.99
48.024
99.978
62.906
99.956
99.994
100.0
100.0
100.0
100.0
100.0
100.0
100.0
100.0
100.0
100.0
100.0
100.0
100.0
100.0
100.0
100.0
100.0
100.0
100.0
100.0
100.0
100.0
100.0
100.0
100.0
100.0
100.0
100.0
100.0
100.0
100.0
100.0
100.0
100.0
100.0
100.0
100.0
100.0
100.0
100.0
100.0
100.0
100.0
100.0
100.0
100.0
100.0
100.0
100.0
99.502
99.994
100.0
100.0
100.0
100.0
