2.2155113093853
1.782732850909233
1.6091258685588836
1.50778720164299
1.4551628621816635
1.4059909389019012
1.359780684709549
1.3271548564434053
1.2952521399259567
1.263029664158821
1.238880559027195
1.21058448189497
1.1882227994203567
1.1650472036004067
1.1386808712482452
1.1231490543484688
1.1009351688027382
1.08393762332201
1.0660187253952027
1.041860642671585
1.029757496893406
1.0105006818771363
1.0000963888168335
0.9771142061948777
0.9634495278298855
0.9486512044668197
0.9359593887329102
0.9200924184024334
0.905028896868229
0.8847487135231495
0.8688290163576603
0.8576497669816017
0.8522471696734428
0.8333192503154278
0.8187508665025234
0.8066477076709271
0.7986324073076249
0.7868641422986984
0.7661609618663788
0.7576334279179573
0.7458099452704191
0.7326309182941914
0.7197929498851299
0.7076562253534794
0.7016727014183998
0.6849906009733677
0.6718822513520718
0.6646360093206167
0.6454254135489463
0.6366310340017081
0.6205087064057588
0.608136319488287
0.599378430351615
0.5871565857827663
0.5732457530722022
0.5632149533331394
0.5409334387928247
0.528313694357872
0.5243419203162193
0.5120486126095056
0.4947171087861061
0.4949413999915123
0.47879958537220957
0.46597268053889274
0.4537238993048668
0.441825302362442
0.43154064304381606
0.42440162841230633
0.4030981935635209
0.4000879810526967
0.37958821903169154
0.37170679788291455
0.3647583815529942
0.3445192822739482
0.33583906649053097
0.32877590114623306
0.3208104396983981
0.3169898813590407
0.29646572380140424
0.27990204803273083
0.2769592636860907
0.2660023810863495
0.2520857910886407
0.23964656034111978
0.22440650219842792
0.22197684333473444
0.2127220604419708
0.20642146640457212
0.1924266903065145
0.18767393277958036
0.17153322524949907
0.1543538542855531
0.15074156725034119
0.13882727154903113
0.12890829789452254
0.12472391477227211
0.12541703660134226
0.10715336808003485
0.10954978656023741
0.08017219449020922
