5.047616100311279
2.1836001253128052
1.9409751200675964
1.799168140888214
1.5786940026283265
1.4527782773971558
1.3241488075256347
1.2147561144828796
1.0736778223514556
0.9587172615528107
0.8536931085586548
0.7240553152561188
0.608750074505806
0.5204145163297653
0.38562368392944335
0.27676149904727937
0.18414701282978058
0.16718853801488875
0.06443877175450324
0.12248429380357266
0.11192142445594072
0.07347874091938138
0.07249452710151673
0.01118161658756435
0.18187584847211838
0.0037693863990716637
0.09129753030836582
0.033067417396232486
0.002666657346999273
0.00048789593914989383
0.028533132951706647
0.0033128541707992554
0.13390906026528682
0.004273293919395655
0.33404685893590796
0.004390924812760204
0.21348560549726245
0.004509522566804662
0.12928493006154895
0.0026087886933237312
0.1315533677249914
0.0021277869417099284
0.04447753016400384
0.0023597715084906668
0.0031031323643401264
0.0003928719475516118
9.456794774450827e-05
4.6108999886200766e-05
2.445145952151506e-05
1.3914092705817894e-05
8.034090633373126e-06
4.5189592901806465e-06
2.5004813869600183e-06
1.4541651046329206e-06
8.452087809018848e-07
5.101290275888459e-07
3.04252721150533e-07
1.7897190190296897e-07
1.0873643688569245e-07
6.587240065414335e-08
4.061030484336925e-08
2.615618857504387e-08
1.6097908286383246e-08
1.0449438088144802e-08
7.059424387279023e-09
5.0012017749345715e-09
3.939494164217905e-09
3.4412366017866346e-09
3.222375846156922e-09
2.961605530815703e-09
2.7427447477079705e-09
2.5052575192141546e-09
2.1513549741669637e-09
2.095475614971587e-09
1.8486751532376112e-09
1.4249234236984875e-09
1.1594965204642094e-09
8.98726215947665e-10
5.727633406449329e-10
2.6077030396143285e-10
2.0023434049720735e-10
7.916241412386781e-11
5.1222738550738e-11
8.84756393149111e-11
6.984918837771303e-11
5.587935114625964e-11
5.587935114625964e-11
1.1175870229251928e-10
1.2572853980152843e-10
1.0244547682392025e-10
1.6298144001059e-10
1.9092111530616408e-10
2.6542691378139694e-10
2.002343402196516e-10
0.24602246955037116
0.001564769289107062
0.0004143605363788083
0.00019968773034634068
0.00011689769438817165
6.571211353730178e-05
