3.808381757736206
2.2832805347442626
2.134800524711609
2.076115789413452
2.023247661590576
1.9949257588386535
1.979791407585144
1.9658616471290589
1.9509659218788147
1.9374630546569824
1.9164963054656983
1.9106203317642212
1.907779574394226
1.8915509724617003
1.8942531418800355
1.8685125756263732
1.8624457979202271
1.8560494112968444
1.8509038758277894
1.8459813857078553
1.8250531101226806
1.8257859206199647
1.8112887835502625
1.805957567691803
1.8000576782226563
1.7948144841194154
1.7856695222854615
1.7748998427391052
1.7735578799247742
1.768107888698578
1.7662599062919617
1.7594973874092101
1.7482242846488953
1.744543550014496
1.7439692306518555
1.7330186939239502
1.7312103414535522
1.7241688895225524
1.7169766688346864
1.7215494656562804
1.7098242568969726
1.711192238330841
1.7097838973999024
1.6929495644569397
1.686333703994751
1.6937746262550355
1.6875
1.6862338280677795
1.6817829871177674
1.680187032222748
1.6785473895072938
1.6650126051902772
1.6769121980667114
1.6566949796676635
1.6612535262107848
1.6516078805923462
1.6603016924858094
1.6427069568634034
1.6476028728485108
1.6423941707611085
1.6333199262619018
1.6370152854919433
1.6386458683013916
1.6271198225021362
1.6319908165931702
1.6157060933113099
1.624323649406433
1.6077885389328004
1.6175504302978516
1.633911201953888
1.6151465487480163
1.6149620199203492
1.6172498750686646
1.6093344902992248
1.5965285110473633
1.5952640414237975
1.578869822025299
1.6027562952041625
1.583306622505188
1.5824953055381774
1.5931990575790405
1.596597328186035
1.573857271671295
1.5789186000823974
1.585050551891327
1.5680706334114074
1.5944113755226135
1.5724261355400087
1.5942235922813415
1.5801390409469604
1.560433135032654
1.5559182119369508
1.559452304840088
1.5628120017051697
1.5521730256080628
1.5534929752349853
1.566506416797638
1.5710642957687377
1.5504334998130798
1.5473817706108093
