12.444
15.244
22.438
25.53
25.472
27.666
29.694
29.25
28.238
29.052
31.702
30.712
32.156
30.676
32.152
33.03
33.21
33.556
34.454
34.032
35.1
34.87
35.644
35.54
34.878
35.152
36.05
35.924
37.546
35.962
37.254
37.82
36.612
37.748
38.76
38.566
36.214
39.416
39.442
37.686
38.81
39.318
38.366
39.158
40.176
39.476
40.486
40.442
40.236
40.778
40.112
41.068
40.706
39.878
41.68
42.184
42.06
41.918
41.558
40.98
41.92
42.174
41.656
41.096
42.704
42.996
42.064
42.898
42.166
43.016
41.756
39.728
43.27
40.55
42.8
42.612
43.792
42.064
43.466
43.2
42.462
43.992
44.27
42.992
42.892
42.972
43.472
43.866
44.402
42.46
43.7
44.506
44.716
43.586
45.11
45.098
45.012
44.998
44.618
42.894
