32.45
38.306
39.49
46.346
48.244
48.054
51.612
53.998
53.73
56.244
53.77
57.026
56.336
57.91
60.736
62.066
60.132
62.114
62.768
63.82
65.154
65.136
66.636
64.472
67.16
67.982
68.502
69.162
69.762
70.254
70.042
69.198
70.356
71.144
70.328
71.788
71.512
75.044
73.954
71.712
74.598
75.384
75.076
77.362
75.468
78.322
78.08
78.444
78.474
77.166
77.962
80.266
80.468
82.35
81.676
82.822
80.864
79.722
84.506
82.558
83.748
84.838
85.992
84.642
86.102
87.102
85.758
89.054
87.052
85.858
89.466
88.22
87.712
88.418
85.176
88.746
89.38
90.926
92.108
91.566
92.572
93.272
93.698
93.202
94.526
93.774
95.526
94.73
92.798
93.098
96.89
92.61
95.88
96.308
98.262
97.534
96.766
98.838
97.59
99.288
